  Random forest – OneHot encoder – Sort-256 - $b
	[2.151, 1.640, 1.731, 1.850, 1.879, 1.834, 1.995, 2.134, 1.806, 1.949, 1.993, 1.805, 2.001, 2.231, 1.848, 1.726, 1.995, 1.771, 1.726, 1.972, 1.829, 1.713, 2.296, 1.750, 1.935, 1.704, 1.656, 2.659, 1.715, 1.539, 2.158, 1.795, 2.200, 1.785, 1.766, 1.954, 1.804, 1.897, 1.774, 1.902, 2.263, 1.968, 1.976, 1.756, 2.148, 1.748, 2.129, 1.996, 1.918, 1.981]
	

	Knn – OneHot encoder – Sort-256 - $b
	[2.705, 1.861, 2.088, 2.035, 2.404, 2.063, 2.196, 2.415, 2.107, 1.960, 2.227, 2.144, 2.000, 2.581, 1.962, 2.094, 2.346, 1.911, 1.862, 2.571, 2.103, 1.996, 2.533, 2.080, 2.031, 1.907, 1.931, 2.693, 1.788, 1.954, 2.272, 1.931, 2.224, 2.148, 2.006, 2.215, 2.027, 2.181, 2.092, 2.025, 2.668, 1.924, 2.213, 1.760, 2.271, 2.087, 2.189, 2.448, 2.163, 2.288]
	

	SVR – OneHot encoder – Sort-256 - $b
	[1.377, 1.490, 1.183, 1.766, 1.690, 1.632, 1.097, 1.944, 1.780, 0.974, 1.404, 1.535, 1.967, 1.512, 1.400, 1.389, 1.444, 1.836, 1.509, 1.453, 1.144, 1.678, 2.000, 1.173, 1.498, 1.668, 1.382, 1.797, 1.124, 1.084, 1.234, 1.519, 1.839, 1.387, 1.052, 0.969, 1.159, 1.899, 1.508, 1.621, 1.328, 1.880, 1.850, 1.813, 1.254, 1.401, 1.687, 1.349, 1.459, 1.617]
	

	Decision Tree – OneHot encoder – Sort-256 - $b
	[2.513, 2.574, 2.447, 2.266, 2.362, 1.715, 2.247, 2.457, 2.153, 2.727, 2.614, 2.269, 2.849, 2.209, 2.891, 2.648, 2.279, 2.091, 1.969, 2.613, 2.316, 2.175, 2.591, 2.028, 2.335, 2.360, 2.113, 2.911, 2.448, 1.716, 2.301, 2.226, 2.431, 2.592, 2.228, 2.544, 2.141, 2.489, 2.433, 2.394, 2.562, 2.378, 2.533, 1.827, 2.579, 2.248, 2.947, 1.671, 2.060, 2.226]
	

	Linear regression – OneHot encoder – Sort-256 - $b
	[1.356, 1.467, 1.343, 1.852, 1.516, 1.563, 1.110, 1.924, 1.830, 1.008, 1.475, 1.565, 1.862, 1.593, 1.319, 1.558, 1.470, 1.841, 1.551, 1.457, 1.154, 1.594, 1.958, 1.148, 1.621, 1.738, 1.515, 1.758, 1.122, 1.120, 1.278, 1.509, 1.724, 1.150, 1.107, 1.012, 1.311, 1.862, 1.517, 1.762, 1.372, 1.912, 1.852, 1.669, 1.308, 1.420, 1.755, 1.267, 1.474, 1.687]
	

	Kernel Ridge – OneHot encoder – Sort-256 - $b
	[2.777, 3.630, 3.742, 3.870, 3.877, 5.154, 1.910, 4.500, 4.735, 2.144, 3.995, 3.774, 3.454, 3.859, 2.971, 3.587, 3.937, 3.618, 2.193, 3.638, 2.948, 2.203, 4.300, 3.795, 3.120, 4.306, 2.883, 4.142, 2.333, 2.672, 3.676, 3.454, 4.319, 3.113, 1.941, 3.633, 3.003, 4.570, 2.983, 3.131, 3.217, 3.420, 4.046, 3.657, 3.710, 3.289, 2.847, 3.514, 3.247, 3.947]
	

	Random forest – OneHot encoder – Sort-256 - $a
	[2.190, 1.522, 1.997, 1.681, 1.453, 1.651, 2.534, 2.035, 1.690, 2.065, 2.088, 1.619, 2.036, 1.916, 1.870, 1.310, 1.200, 2.989, 1.715, 1.658, 1.558, 1.577, 1.624, 1.995, 1.456, 1.663, 1.708, 2.470, 1.604, 1.357, 1.962, 1.901, 1.409, 2.303, 1.714, 1.721, 1.330, 2.184, 1.600, 2.340, 2.054, 1.513, 2.077, 1.696, 1.540, 1.820, 2.005, 1.834, 1.298, 1.402]
	

	Knn – OneHot encoder – Sort-256 - $a
	[2.610, 1.959, 2.438, 2.006, 2.632, 1.989, 2.567, 2.348, 2.075, 2.342, 2.336, 2.223, 2.096, 2.504, 2.271, 2.228, 2.087, 2.648, 2.381, 2.655, 2.250, 2.316, 2.574, 2.151, 2.191, 2.016, 1.990, 2.493, 2.327, 1.908, 2.082, 2.172, 2.264, 2.566, 2.192, 2.283, 2.017, 2.474, 2.228, 2.299, 2.634, 2.134, 2.450, 1.974, 2.293, 2.152, 2.476, 2.467, 2.021, 2.179]
	

	SVR – OneHot encoder – Sort-256 - $a
	[1.151, 1.200, 1.236, 1.447, 0.921, 1.371, 1.300, 1.467, 1.312, 0.816, 1.071, 1.044, 1.974, 1.525, 1.411, 0.972, 0.820, 2.292, 1.218, 1.525, 0.602, 0.999, 1.231, 0.951, 1.188, 1.278, 1.327, 1.801, 0.793, 1.079, 1.184, 1.273, 0.983, 1.219, 0.866, 0.725, 0.836, 1.691, 1.004, 1.224, 0.994, 1.133, 1.490, 1.704, 0.812, 1.229, 1.333, 1.134, 1.008, 1.223]
	

	Decision Tree – OneHot encoder – Sort-256 - $a
	[1.860, 1.618, 2.547, 1.801, 1.217, 2.045, 2.190, 2.931, 1.943, 2.565, 2.733, 1.846, 2.242, 2.063, 2.060, 1.712, 1.313, 2.933, 1.970, 2.403, 1.841, 1.704, 1.441, 1.862, 1.663, 1.896, 2.017, 3.048, 2.061, 1.255, 2.081, 1.740, 1.208, 2.129, 2.200, 2.850, 1.771, 2.747, 1.663, 2.868, 1.950, 2.190, 2.241, 2.187, 1.764, 2.766, 2.113, 1.913, 1.645, 1.401]
	

	Linear regression – OneHot encoder – Sort-256 - $a
	[1.252, 1.161, 1.254, 1.438, 0.919, 1.323, 1.338, 1.508, 1.341, 0.723, 0.842, 1.078, 1.902, 1.535, 1.249, 1.047, 0.801, 2.326, 1.274, 1.525, 0.585, 0.990, 1.215, 0.974, 1.158, 1.247, 1.252, 1.539, 0.632, 1.009, 1.240, 1.352, 0.787, 1.083, 0.874, 0.702, 0.885, 1.717, 1.127, 1.254, 0.866, 0.991, 1.608, 1.581, 0.781, 1.245, 1.401, 1.095, 0.897, 1.352]
	

	Kernel Ridge – OneHot encoder – Sort-256 - $a
	[3.212, 3.906, 4.126, 4.092, 4.929, 6.341, 1.907, 5.684, 5.839, 2.039, 4.517, 3.916, 4.698, 4.302, 3.036, 3.822, 3.950, 4.605, 2.453, 4.192, 2.934, 1.922, 5.067, 4.212, 3.451, 4.651, 3.253, 4.456, 2.556, 2.894, 4.158, 3.891, 5.055, 3.767, 2.284, 3.834, 3.068, 5.910, 3.775, 3.181, 3.212, 3.398, 5.288, 4.265, 3.926, 3.698, 3.223, 3.745, 3.298, 4.274]
	

	Random forest – Label encoder – Sort-256 - $b
	[1.274, 1.126, 1.444, 1.016, 1.279, 1.165, 1.417, 1.296, 1.179, 1.324, 1.175, 1.264, 1.222, 1.159, 1.367, 1.113, 1.130, 1.107, 0.990, 1.354, 1.177, 1.126, 1.257, 1.083, 1.329, 1.353, 0.882, 1.396, 1.041, 1.189, 1.162, 0.967, 1.341, 1.222, 1.033, 1.188, 0.933, 1.576, 1.143, 1.167, 1.274, 1.238, 1.310, 1.123, 1.090, 1.222, 1.138, 1.317, 0.945, 1.102]
	

	Knn – Label encoder – Sort-256 - $b
	[1.194, 1.100, 1.805, 1.196, 1.260, 0.937, 1.141, 1.250, 1.290, 1.500, 1.231, 1.593, 1.314, 1.175, 1.490, 1.408, 1.443, 1.038, 1.072, 1.481, 1.356, 1.396, 1.075, 1.044, 1.486, 1.386, 1.298, 1.148, 1.588, 1.006, 1.110, 1.234, 1.283, 1.611, 1.250, 1.305, 1.101, 1.575, 1.235, 1.373, 1.354, 1.349, 1.099, 1.274, 1.422, 1.397, 1.253, 0.991, 1.338, 1.101]
	

	SVR – Label encoder – Sort-256 - $b
	

	Decision Tree – Label encoder – Sort-256 - $b
	[2.053, 2.041, 2.043, 1.457, 1.864, 1.348, 1.635, 1.511, 1.598, 1.718, 1.528, 1.572, 1.172, 1.298, 2.425, 1.722, 1.502, 1.097, 1.466, 2.038, 1.712, 1.415, 1.356, 1.235, 1.335, 2.030, 1.514, 2.224, 1.542, 1.211, 1.415, 1.370, 1.573, 1.919, 1.452, 1.407, 1.460, 1.985, 1.509, 1.519, 1.643, 1.358, 1.693, 1.351, 1.821, 1.541, 1.931, 3.017, 1.297, 1.770]
	

	Linear regression – Label encoder – Sort-256 - $b
	[0.752, 0.712, 1.456, 0.835, 1.000, 0.844, 1.053, 1.008, 0.953, 0.846, 1.252, 0.799, 0.702, 0.667, 1.014, 1.045, 1.115, 0.741, 0.788, 1.088, 0.958, 0.935, 0.778, 0.869, 1.070, 0.759, 0.851, 1.015, 1.419, 0.620, 0.773, 0.895, 0.913, 1.351, 0.769, 1.243, 0.689, 0.946, 1.040, 0.874, 1.026, 1.124, 1.056, 0.851, 0.827, 0.801, 1.124, 0.760, 0.880, 1.059]
	

	Kernel Ridge –Label encoder – Sort-256 - $b
	[1.613, 1.740, 1.590, 1.421, 1.430, 1.793, 1.499, 1.197, 1.658, 1.554, 1.477, 1.685, 1.354, 1.495, 1.697, 1.460, 1.625, 1.411, 1.706, 1.695, 1.367, 1.598, 1.712, 1.602, 1.800, 1.437, 1.477, 1.630, 1.767, 1.633, 1.561, 1.505, 1.536, 1.763, 1.467, 1.930, 1.359, 1.599, 1.549, 1.512, 1.788, 1.524, 1.555, 1.624, 1.607, 1.209, 1.570, 2.155, 1.383, 1.547]
	

	Random forest – Label encoder – Sort-256 - $a
	[0.899, 0.847, 1.045, 0.747, 0.704, 0.681, 1.188, 1.001, 0.525, 0.842, 0.992, 0.887, 0.935, 1.018, 1.086, 0.740, 0.694, 0.758, 0.910, 0.877, 1.034, 0.849, 0.753, 0.725, 0.856, 0.828, 0.759, 0.955, 0.916, 0.627, 0.788, 0.877, 0.708, 1.241, 0.811, 1.220, 0.608, 1.014, 0.677, 0.915, 0.844, 0.784, 0.974, 0.956, 1.193, 0.976, 1.087, 1.010, 0.707, 0.838]
	

	knn – Label encoder – Sort-256 - $a
	[1.148, 1.456, 1.577, 1.153, 1.134, 1.201, 1.470, 1.512, 1.349, 1.316, 1.517, 1.158, 1.506, 1.283, 1.515, 1.533, 0.918, 0.892, 1.354, 1.367, 1.184, 1.015, 1.202, 1.263, 1.375, 1.184, 1.416, 1.472, 1.305, 1.064, 1.333, 1.520, 1.361, 1.285, 1.154, 1.430, 0.752, 1.471, 1.200, 1.374, 1.323, 1.214, 1.751, 1.176, 1.392, 1.232, 1.114, 1.085, 1.379, 1.417]
	

	svr – Label encoder – Sort-256 - $a
	

	Decision tree – Label encoder – Sort-256 - $a
	[1.804, 1.067, 1.238, 0.842, 0.945, 0.933, 1.301, 1.092, 0.730, 1.119, 1.163, 1.010, 1.162, 1.082, 1.445, 0.893, 1.173, 0.759, 1.101, 1.078, 1.261, 1.126, 0.862, 0.832, 0.919, 0.882, 1.042, 1.461, 1.328, 0.703, 0.926, 0.987, 0.882, 1.679, 1.179, 1.327, 0.817, 1.212, 0.866, 1.505, 1.014, 1.077, 0.806, 0.950, 1.681, 1.564, 1.203, 1.309, 0.791, 0.903]

	Linear Regression – Label encoder – Sort-256 - $a
	[0.598, 0.438, 0.787, 0.583, 0.556, 0.617, 0.615, 0.672, 0.450, 0.740, 0.701, 0.651, 0.680, 0.637, 0.601, 0.838, 0.461, 0.333, 0.521, 0.594, 0.633, 0.669, 0.898, 0.526, 0.615, 0.537, 0.693, 0.865, 0.600, 0.480, 0.696, 0.643, 0.589, 0.588, 0.548, 0.720, 0.515, 0.808, 0.607, 0.664, 0.470, 0.543, 0.647, 0.502, 0.838, 0.613, 0.631, 0.629, 0.617, 0.621]
	

	Kernel Ridge – Label encoder – Sort-256 - $a
	[2.216, 1.948, 1.666, 1.918, 1.950, 2.280, 2.194, 1.528, 2.015, 1.779, 1.749, 2.016, 1.812, 2.465, 1.802, 1.972, 1.694, 1.681, 2.222, 2.375, 1.683, 1.865, 2.031, 2.513, 2.001, 1.732, 1.769, 2.108, 1.979, 2.278, 2.156, 1.870, 1.698, 2.049, 2.010, 2.071, 1.639, 2.822, 1.783, 1.773, 2.149, 1.785, 2.004, 2.042, 1.950, 1.587, 1.763, 2.812, 1.866, 1.901]
	

	Random Forest – One hot encoder – Wc-3c-3d - $throughput
	[3483.885, 3634.887, 3942.306, 4086.730, 3447.014, 3620.559, 3521.729, 3700.801, 3887.775, 4295.276, 3621.855, 3777.359, 3641.012, 3532.404, 3515.435, 4019.829, 3853.873, 3457.476, 3843.612, 3415.552, 3695.429, 3911.496, 3462.139, 3771.549, 3990.461, 3847.315, 3903.201, 3656.243, 3714.255, 3596.111, 3768.408, 4038.945, 3538.906, 4054.097, 3940.343, 3454.751, 3630.550, 3881.320, 3533.268, 3857.123, 3399.309, 3623.809, 3672.964, 3456.256, 4216.389, 3373.367, 3471.615, 3575.265, 3685.963, 3546.369]
	

	knn – One hot encoder – Wc-3c-3d - $throughput
	[3987.722, 4153.853, 3578.378, 4211.551, 4541.415, 4080.548, 4466.304, 3818.481, 4254.533, 4210.027, 4249.761, 4171.059, 4131.420, 4034.791, 4079.305, 4152.947, 3930.613, 4134.268, 4025.580, 4035.696, 3729.368, 4318.846, 4044.141, 3952.771, 4147.170, 4108.532, 4386.422, 4072.850, 4055.589, 3778.206, 4086.440, 4121.379, 4267.782, 3758.153, 4177.788, 3752.926, 4041.289, 4006.455, 4446.039, 4212.070, 4109.536, 4105.690, 3996.732, 3986.289, 4411.860, 4101.529, 3854.379, 4253.169, 4297.214, 4092.753]
	

	SVR – One hot encoder – Wc-3c-3d - $throughput
	[3361.825, 3607.884, 3302.168, 3721.995, 3403.365, 3540.846, 3474.250, 3728.471, 3742.388, 4020.556, 3476.652, 3536.129, 3742.125, 3479.068, 3442.958, 3666.030, 3801.204, 3501.384, 3756.276, 3441.512, 3691.927, 3853.094, 3478.535, 3470.700, 3872.672, 3504.826, 4035.251, 3567.450, 3631.476, 3407.285, 3649.038, 3775.863, 3528.488, 3831.633, 3509.468, 3501.639, 3691.745, 3952.121, 3610.883, 3679.445, 3335.222, 3631.664, 3821.171, 3589.441, 4065.004, 3436.024, 3518.132, 3374.239, 3597.043, 3702.834]
	

	Decision Tree – One hot encoder – Wc-3c-3d - $throughput
	[4153.083, 3850.505, 3800.371, 3997.382, 4207.457, 4043.543, 4195.439, 4019.306, 4264.896, 4256.174, 3534.304, 3886.350, 4055.372, 4056.798, 4225.842, 4022.275, 4138.677, 3453.261, 4128.039, 4367.092, 3989.179, 4097.950, 4298.210, 3843.601, 4078.714, 4174.817, 4063.630, 3994.798, 3867.467, 4089.896, 4262.936, 4262.830, 4030.724, 3989.116, 4016.593, 3808.183, 3943.084, 4238.734, 4205.830, 4067.140, 3749.752, 4186.415, 3429.649, 4186.440, 4055.960, 3425.923, 4132.374, 4435.397, 4109.244, 3880.206]
	

	Linear Regression – One hot encoder – Wc-3c-3d - $throughput
	[3731.093, 3607.412, 3382.886, 3778.515, 3901.305, 3594.079, 3889.898, 3681.382, 3674.349, 3793.596, 3880.762, 3540.274, 3798.301, 3686.359, 3723.675, 3769.108, 3494.752, 3543.338, 3820.466, 3683.748, 3614.129, 3686.263, 3823.576, 3454.715, 3697.285, 3779.714, 3808.662, 3585.986, 3425.514, 3645.266, 3582.624, 3654.264, 3692.870, 3542.387, 3723.096, 3440.873, 3682.725, 3497.921, 3953.375, 3651.905, 3645.907, 3761.045, 3672.019, 3765.234, 3758.574, 3615.308, 3450.167, 3619.396, 3753.816, 3570.676]
	

	Kernel Ridge – One hot encoder – Wc-3c-3d - $throughput
	[3416.428, 3781.422, 3491.048, 3767.611, 3632.329, 3534.593, 3699.093, 3714.939, 3784.285, 3918.137, 3619.978, 3664.321, 3582.416, 3729.943, 3498.654, 3774.611, 3750.598, 3772.930, 3681.274, 3868.151, 3944.582, 3760.511, 3752.982, 3533.821, 3872.677, 3640.188, 4333.370, 3658.442, 3624.406, 3576.781, 3746.975, 3715.163, 3571.447, 3753.254, 3784.977, 3645.512, 3589.380, 3875.142, 3621.745, 3763.666, 3526.597, 4007.482, 3751.949, 3584.779, 3919.527, 3579.535, 3793.493, 3611.747, 3729.174, 3822.487]
	

	Random Forest – One hot encoder – Wc-3c-3d - $latency
	[9251.410, 11503.700, 9190.813, 10272.230, 10604.968, 10655.921, 10642.891, 13614.139, 13218.366, 11661.962, 8840.760, 11319.893, 11165.956, 13699.603, 10179.171, 13907.368, 12217.052, 9661.953, 8826.986, 10002.800, 13181.689, 10533.811, 9547.230, 12842.849, 14436.402, 10012.905, 10923.559, 8795.480, 8189.302, 11389.339, 13089.565, 10924.274, 9028.733, 9275.160, 13171.070, 12491.839, 11416.483, 9048.243, 9947.721, 11988.656, 11622.691, 12001.388, 14326.614, 10202.703, 12408.582, 9199.253, 9875.310, 8525.537, 11403.710, 10755.042]
	

	knn – One hot encoder – Wc-3c-3d - $latency
	[9812.625, 12196.046, 9657.429, 10887.787, 11355.508, 11103.931, 11673.841, 14569.335, 14209.724, 12340.501, 9466.290, 12125.703, 11702.067, 15011.175, 10827.239, 14708.717, 12914.548, 10047.962, 9440.433, 10365.956, 14065.657, 11180.885, 10334.151, 13469.676, 15437.325, 10887.792, 11589.208, 9521.170, 8736.374, 12425.988, 14000.621, 11532.649, 9768.537, 10119.435, 14065.473, 12866.079, 11866.841, 9313.712, 10751.597, 12834.171, 12440.669, 12598.830, 15040.207, 10673.415, 13650.177, 9302.613, 10540.227, 9069.347, 12109.956, 11166.293]
	

	SVR – One hot encoder – Wc-3c-3d - $latency
	[9256.603, 11482.894, 9181.542, 10262.446, 10591.261, 10643.199, 10627.023, 13594.638, 13208.785, 11669.311, 8822.287, 11303.076, 11151.878, 13939.282, 10166.923, 13899.426, 12225.048, 9651.819, 8818.614, 9990.801, 13162.906, 10519.460, 9538.946, 12833.787, 14422.060, 10006.234, 10912.341, 8784.209, 8179.554, 11381.786, 13080.875, 10917.788, 9018.189, 9270.511, 13167.435, 12481.741, 11407.163, 9027.487, 9941.897, 11969.905, 11619.341, 11995.997, 14303.607, 10194.609, 12387.902, 9189.623, 9867.351, 8524.413, 11385.727, 10743.692]
	

	Decision Tree – One hot encoder – Wc-3c-3d - $latency
	[9249.648, 11506.904, 9185.243, 10269.978, 10600.393, 10654.266, 10639.158, 13607.530, 13222.033, 11661.141, 8838.303, 11315.956, 11163.114, 13698.763, 10181.390, 13907.805, 12219.274, 9656.823, 8824.593, 9997.539, 13174.547, 10534.268, 9545.211, 12843.527, 14428.158, 10011.798, 10922.120, 8793.463, 8182.224, 11392.820, 13088.192, 10923.006, 9012.834, 9272.655, 13169.583, 12494.946, 11405.715, 9039.536, 9939.472, 11987.469, 11619.327, 11998.534, 14326.979, 10197.716, 12402.003, 9202.462, 9871.910, 8521.524, 11399.052, 10754.321]
	

	Linear Regression – One hot encoder – Wc-3c-3d - $latency
	[9468.117, 12023.483, 9560.141, 10704.220, 11051.962, 11001.722, 11119.609, 14287.083, 13884.755, 12288.842, 9184.136, 11990.259, 11683.779, 14479.880, 10474.240, 14585.071, 12888.792, 10087.497, 9160.850, 10472.567, 13982.568, 11019.128, 9954.085, 13456.505, 15268.475, 10384.645, 11608.037, 9177.986, 8465.000, 11993.859, 13716.442, 11473.621, 9383.196, 9594.594, 13816.761, 13091.622, 11945.208, 9470.731, 10333.099, 12665.195, 12139.140, 12672.099, 14984.870, 10676.526, 13121.612, 9453.696, 10300.269, 8862.460, 11996.713, 11220.967]
	

	Kernel Ridge – One hot encoder – Wc-3c-3d - $latency
	[9492.349, 11747.931, 9488.630, 10471.376, 10862.182, 10921.331, 10937.043, 13850.008, 13475.304, 11966.058, 9083.829, 11645.122, 11430.238, 13976.917, 10477.522, 14188.064, 12537.216, 10020.229, 9065.414, 10433.408, 13464.342, 10770.188, 9846.916, 13116.613, 14710.483, 10248.554, 11305.868, 9191.908, 8454.332, 11646.605, 13325.169, 11197.341, 9270.984, 9550.316, 13443.553, 12730.829, 11693.853, 9274.700, 10194.645, 12322.010, 11902.650, 12287.977, 14615.873, 10421.329, 12668.848, 9486.815, 10144.925, 8797.229, 11633.817, 10979.159]
	

	Random Forest – Label encoder – Wc-3c-3d - $throughput
	[2305.971, 2630.934, 2534.517, 2051.898, 2562.620, 2542.695, 1564.326, 2635.906, 2355.517, 1882.916, 1947.486, 1785.641, 2971.089, 1441.447, 2433.316, 2803.378, 3049.545, 2668.198, 2650.824, 2117.373, 2944.317, 2611.268, 1748.890, 2320.485, 2496.444, 2644.874, 2734.730, 2513.080, 2562.193, 2572.803, 2861.261, 2256.167, 2850.860, 2719.334, 2846.645, 2468.800, 2936.122, 3204.214, 2534.526, 2741.936, 2414.399, 1390.594, 2331.778, 2701.963, 2645.268, 2453.678, 2559.672, 2750.094, 2744.888, 2623.046]
	

	knn - Label encoder – Wc-3c-3d - $throughput
	[2637.756, 2642.515, 2972.513, 2725.289, 2817.733, 2789.067, 2973.629, 3004.242, 2275.736, 2617.959, 2916.803, 2888.776, 3037.148, 1974.007, 2556.731, 3008.190, 3152.493, 3080.699, 3009.949, 3081.253, 3109.223, 2449.369, 2759.000, 2902.988, 2543.290, 2673.788, 3095.622, 2861.875, 2846.201, 2947.120, 2953.432, 1960.928, 3060.468, 3203.369, 2695.354, 2821.059, 3215.453, 3238.534, 2908.884, 2677.647, 2508.519, 2933.391, 2400.623, 3088.072, 2854.020, 2559.180, 3070.625, 2988.952, 2654.310, 2954.926]
	

	SVR - Label encoder – Wc-3c-3d - $throughput
	

	Decision Tree – Label encoder – Wc-3c-3d - $throughput
	[2422.923, 2074.576, 3127.496, 1960.460, 2787.354, 3071.913, 3842.672, 2392.420, 1528.705, 2190.400, 2016.762, 1917.808, 2970.621, 1389.670, 2653.864, 3432.400, 2932.096, 2548.645, 2801.717, 3234.056, 3353.622, 1765.041, 1799.318, 1203.615, 1187.588, 1507.292, 2823.047, 2537.936, 2702.037, 1859.802, 2889.909, 3841.515, 3001.495, 2768.466, 2481.779, 2490.581, 3157.091, 2995.219, 2798.848, 2092.966, 2547.533, 3361.572, 1708.929, 3103.280, 1967.663, 2595.514, 1945.692, 2817.480, 1412.743, 1085.701]
	

	Linear Regression – Label encoder – Wc-3c-3d - $throughput
	[2847.436, 2836.334, 3129.658, 3072.765, 2989.710, 2830.261, 3100.748, 3215.214, 2894.597, 3166.925, 3074.687, 3169.351, 3046.758, 2941.932, 2751.146, 2894.523, 3237.434, 3343.264, 2849.319, 3116.882, 3077.583, 3138.848, 2942.624, 3173.782, 3052.359, 2921.212, 3157.605, 3084.157, 3009.312, 3008.810, 3094.266, 2845.054, 3107.057, 3016.345, 2907.482, 3007.962, 3143.254, 3427.605, 2972.298, 3455.369, 2609.281, 2988.999, 2888.549, 3175.756, 3280.553, 2886.517, 3097.544, 3030.950, 3120.129, 3225.677]
	

	Kernel Ridge – Label encoder – Wc-3c-3d - $throughput
	[5066.608, 5114.142, 5046.350, 5092.927, 4726.877, 4932.135, 5018.088, 5548.580, 5292.737, 5155.887, 5282.685, 5443.597, 4976.885, 4996.984, 4802.243, 5197.318, 5546.743, 5044.762, 4840.854, 5195.112, 5363.028, 5111.215, 5123.416, 4982.241, 5057.109, 5279.681, 4856.927, 5241.656, 5684.427, 5079.095, 5169.786, 5049.935, 5376.072, 5144.966, 4771.533, 5501.773, 5434.866, 5356.665, 4824.883, 5080.283, 4804.041, 4350.295, 4801.138, 5219.426, 5355.423, 5188.367, 5031.722, 5407.393, 5523.910, 5625.363]
	

	Random Forest – Label encoder – Wc-3c-3d - $latency
	[9225.772, 11275.556, 9066.249, 10024.658, 10568.273, 10625.615, 10461.973, 13367.054, 12984.966, 11598.053, 8694.832, 11107.367, 11125.018, 11223.826, 10147.539, 13708.454, 11998.426, 9557.568, 8793.866, 9893.527, 13001.006, 10324.619, 9368.776, 12619.353, 14198.121, 9809.770, 10887.793, 8767.085, 8159.608, 11188.158, 12923.145, 10706.109, 8969.475, 9240.965, 12955.076, 12251.264, 11376.354, 9014.739, 9921.556, 11772.338, 11590.101, 11771.348, 14079.588, 10089.778, 12281.233, 9173.131, 9677.938, 8400.126, 11172.928, 10539.209]
	

	knn – Label encoder – Wc-3c-3d - $latency
	[9232.608, 11999.767, 9379.297, 10751.735, 10589.813, 10657.530, 11056.189, 15029.035, 13795.731, 12415.189, 9184.530, 11665.688, 11217.422, 14860.465, 10206.646, 14209.386, 12684.729, 9756.409, 8941.488, 10367.071, 13359.287, 11146.875, 9924.662, 13185.586, 15685.372, 10338.459, 11012.750, 8815.331, 8288.229, 11646.319, 13198.230, 11065.027, 9222.156, 9269.161, 13301.658, 13416.130, 11430.795, 9079.369, 9953.193, 12354.904, 11681.539, 12360.652, 15958.706, 10768.050, 12807.083, 9184.411, 10088.927, 8619.103, 11633.418, 11082.657]
	

	SVR – Label encoder – Wc-3c-3d - $latency
	

	Decision Tree – Label encoder – Wc-3c-3d - $latency
	[9228.036, 11374.947, 9144.990, 10030.480, 10566.634, 10620.819, 10408.795, 13356.259, 12977.743, 11772.440, 8723.764, 11242.706, 11130.163, 13351.357, 10149.834, 13866.364, 12115.010, 9595.625, 8794.542, 9975.093, 13114.212, 10648.606, 9451.979, 12714.573, 14227.905, 9809.714, 10888.522, 8765.330, 8159.134, 11166.046, 12841.828, 10819.978, 9005.625, 9238.938, 12940.666, 12252.634, 11379.690, 9016.875, 9918.661, 11771.798, 11561.961, 11898.231, 14078.931, 10075.217, 12167.772, 9171.935, 9666.664, 8485.694, 11186.393, 10640.738]
	

	Linear Regression – Label encoder – Wc-3c-3d - $latency
	[10448.435, 13715.739, 10521.587, 11933.431, 12759.873, 12238.443, 12311.401, 16285.966, 15889.316, 13884.054, 10229.891, 13264.964, 13030.870, 16725.462, 11701.183, 16292.021, 14902.483, 11208.849, 10167.836, 11605.619, 15680.706, 12712.649, 11041.910, 15556.759, 17370.383, 11481.424, 12685.338, 9979.186, 9486.185, 13663.516, 15343.940, 12766.536, 10359.194, 10484.241, 15588.194, 14875.377, 13316.036, 10942.840, 11711.361, 14390.074, 13778.737, 14038.728, 17422.157, 11940.008, 15039.669, 10484.809, 11311.146, 9779.992, 13627.174, 12741.702]
	

	Kernel Ridge – Label encoder – Wc-3c-3d - $latency
	[10136.315, 13057.543, 10048.438, 11413.959, 11932.567, 11634.239, 11754.768, 15462.828, 14999.310, 13282.510, 9690.216, 12672.480, 12419.138, 15637.433, 11164.553, 15775.663, 13934.036, 10590.126, 9645.303, 11158.496, 14971.400, 12048.558, 10508.805, 14400.172, 16334.217, 11191.495, 12270.595, 9584.110, 9024.407, 12873.180, 14905.545, 12337.732, 9840.981, 10149.073, 14913.178, 14185.682, 12586.703, 9931.330, 11093.120, 13685.655, 12760.317, 13498.904, 16464.241, 11515.119, 14207.610, 10002.363, 10980.453, 9430.074, 13038.372, 11997.348]
	

	Random Forest – One hot encoder – Wc+wc-c4-3d - $throughput
	[12590.639, 13741.396, 12912.204, 8487.897, 14838.584, 11012.487, 12275.489, 8815.063, 11804.731, 10722.916, 14342.168, 10020.683, 14680.030, 9763.128, 7685.180, 8225.146, 10611.836, 12809.952, 11089.165, 10934.746, 11600.162, 3232.576, 9965.979, 7851.022, 11713.220, 11840.478, 12220.838, 11829.557, 13659.958, 12369.561, 6377.550, 10285.117, 10212.037, 7194.712, 11159.417, 15688.065, 15698.058, 14679.942, 11731.994, 9853.656, 3955.889, 11567.047, 12022.846, 12293.105, 13073.077, 13751.996, 12165.705, 10706.688, 12469.851, 7946.391]
	

	knn – One hot encoder – Wc+wc-c4-3d - $throughput
	[14285.313, 13759.114, 13690.478, 11278.549, 12414.140, 12703.897, 15042.820, 11016.506, 13163.121, 10708.291, 16319.145, 10181.053, 16963.117, 9466.978, 9297.449, 10664.569, 11045.454, 18781.535, 10909.313, 12691.573, 12181.161, 10009.960, 10883.499, 9603.601, 20134.813, 10567.418, 13780.595, 13281.390, 14316.133, 13070.754, 7447.424, 12833.245, 9450.624, 9679.735, 14216.506, 15641.711, 15868.807, 14579.949, 15654.559, 12426.071, 8982.643, 10072.650, 14837.140, 16843.912, 12710.141, 13057.685, 15857.462, 13496.156, 12699.885, 8463.726]
	

	SVR – One hot encoder – Wc+wc-c4-3d - $throughput
	[13992.316, 12727.570, 13609.162, 10019.793, 12631.672, 10887.833, 12877.343, 8931.813, 12489.099, 9678.670, 13425.561, 9055.692, 15366.986, 8533.642, 9158.794, 8364.474, 11387.228, 16733.008, 10490.664, 10987.851, 11520.709, 9838.497, 10026.919, 7356.842, 16335.739, 9450.715, 12987.844, 11202.882, 12210.184, 13950.227, 7100.945, 9695.960, 11386.775, 8736.556, 13509.914, 14210.150, 13449.597, 13073.367, 12817.678, 12490.536, 8622.653, 9627.932, 12964.557, 12922.100, 12640.511, 12845.655, 11383.787, 10326.376, 11724.802, 8309.296]
	

	Decision Tree – One hot encoder – Wc+wc-c4-3d - $throughput
	[19411.657, 11894.101, 12834.850, 6965.991, 16919.470, 10609.123, 14432.890, 10105.292, 14979.025, 12034.204, 14035.025, 11093.975, 15818.370, 11321.142, 8183.701, 8739.620, 11966.906, 11231.398, 10484.345, 10686.810, 13862.937, 3605.912, 12601.143, 7406.688, 14709.798, 11416.370, 12447.975, 12320.953, 18756.800, 12824.781, 6632.070, 13117.489, 8601.284, 7250.460, 12502.233, 13162.260, 23437.295, 14527.650, 13909.495, 13562.178, 4518.856, 14175.704, 12792.103, 14581.769, 12273.176, 12845.296, 10352.815, 11680.162, 11797.250, 7341.287]
	

	Linear Regression – One hot encoder – Wc+wc-c4-3d - $throughput
	[16132.002, 17636.011, 19567.498, 8046.649, 21578.572, 13222.137, 13905.015, 9094.717, 14729.759, 15045.969, 23090.096, 13708.407, 19177.615, 14570.002, 7422.318, 11027.696, 17821.791, 12976.894, 10837.159, 20717.854, 14469.658, 6389.826, 11765.163, 7587.678, 28865.130, 11987.732, 18722.045, 13393.387, 20370.259, 14899.988, 7416.599, 12386.607, 9714.933, 7375.710, 24062.966, 26064.587, 33345.202, 16233.099, 17479.828, 19831.907, 4422.303, 15745.783, 14433.739, 17255.973, 15659.776, 21541.561, 12768.094, 10342.356, 15021.629, 7818.531]
	

	Kernel Ridge – One hot encoder – Wc+wc-c4-3d - $throughput
	[16655.445, 14366.955, 19643.436, 12947.537, 15079.592, 16735.285, 16275.673, 8884.527, 14984.897, 16490.644, 20850.036, 13546.157, 19090.720, 11800.964, 12739.381, 13128.363, 15578.065, 14326.709, 15553.422, 14264.537, 14389.725, 11162.207, 16679.197, 14113.745, 15689.414, 11358.277, 16372.963, 14637.425, 15955.250, 15957.334, 12017.501, 13969.531, 13198.060, 11245.607, 14769.324, 17728.276, 18110.441, 15023.646, 18459.036, 15106.120, 11036.582, 13833.626, 16471.636, 16232.871, 14418.456, 15740.014, 16609.620, 12560.067, 15183.613, 12789.518]
	

	Random Forest – One hot encoder – Wc+wc-c4-3d - $latency
	[16287.931, 27202.412, 24590.056, 12894.940, 19996.787, 26778.030, 31850.529, 8125.924, 22964.192, 26245.070, 38612.376, 4633.288, 29177.898, 12935.074, 6853.682, 13172.245, 17635.064, 24754.133, 28204.416, 12448.029, 24054.006, 1397.483, 25100.924, 20237.105, 27829.681, 19924.767, 24703.629, 20239.880, 23475.491, 30446.445, 3029.305, 11391.935, 13695.683, 8925.462, 28981.653, 25317.007, 32238.831, 16580.512, 25434.889, 37266.272, 939.951, 11474.670, 29528.319, 34740.256, 22516.877, 34659.776, 22006.045, 6891.416, 34715.653, 14903.436]
	

	knn – One hot encoder – Wc+wc-c4-3d - $latency
	[15415.552, 16376.437, 25200.358, 12824.664, 19115.078, 26812.301, 34405.203, 8046.837, 22392.277, 24657.700, 34597.343, 5015.814, 29542.198, 14868.800, 7051.163, 12582.534, 17580.254, 29413.773, 20880.450, 12491.059, 22127.577, 1453.701, 22464.379, 18755.332, 24500.471, 17704.335, 25039.571, 19872.298, 22455.541, 33442.086, 2908.167, 13222.037, 13027.329, 8680.904, 21155.457, 25624.289, 21766.146, 16916.676, 31910.552, 25310.580, 1191.020, 9150.163, 29742.219, 26397.121, 21400.142, 26282.241, 22398.439, 7596.924, 28630.827, 15288.345]
	

	SVR – One hot encoder – Wc+wc-c4-3d - $latency
	[16067.337, 28667.477, 24309.316, 11793.711, 19118.025, 25447.366, 33068.934, 8122.174, 20590.217, 24557.943, 33536.689, 4586.222, 28725.979, 14822.399, 6732.998, 12269.066, 16234.272, 39855.924, 26587.385, 12343.972, 20932.852, 1608.308, 22863.360, 18750.338, 33665.925, 15930.272, 24801.588, 18905.028, 20766.790, 30376.249, 2645.938, 12804.634, 12371.153, 8674.802, 28962.107, 28016.422, 19450.226, 15509.380, 34196.539, 35149.648, 1327.086, 9452.568, 27854.164, 34771.654, 21684.191, 31392.897, 20709.092, 6894.915, 27038.007, 14842.028]
	

	Decision Tree – One hot encoder – Wc+wc-c4-3d - $latency
	[16905.018, 38343.034, 24328.310, 16936.662, 30055.522, 25571.633, 33790.506, 7931.293, 26652.098, 27342.436, 46349.047, 4536.751, 29414.728, 17129.530, 6746.555, 17287.065, 19147.795, 26159.861, 35968.019, 12381.568, 27959.311, 1277.052, 25559.926, 18812.660, 38238.457, 27174.628, 25251.041, 21902.580, 26953.216, 29228.651, 3235.885, 14838.692, 17513.622, 8679.027, 39649.365, 26349.006, 35220.947, 18556.685, 19982.069, 43821.507, 1086.385, 14162.116, 29712.056, 39548.179, 22988.775, 42608.534, 21495.542, 6924.171, 42599.354, 14941.017]
	

	Linear Regression – One hot encoder – Wc+wc-c4-3d - $latency
	[18337.619, 32935.148, 30260.499, 24910.761, 25803.239, 34378.346, 31981.794, 7934.431, 32699.337, 26527.910, 32686.111, 8026.749, 54745.815, 23541.860, 6844.371, 15528.078, 36931.428, 38445.134, 29054.588, 29911.469, 25574.983, 1430.700, 50517.649, 21074.710, 70991.372, 32175.555, 28331.552, 26272.736, 33728.248, 32199.409, 3965.226, 26443.576, 23772.269, 13184.147, 56830.115, 43956.390, 32022.207, 20882.975, 39466.411, 82093.055, 1405.487, 17090.414, 37072.984, 32748.823, 28893.670, 41770.051, 26638.045, 7069.791, 33173.898, 27144.098]
	

	Kernel Ridge – One hot encoder – Wc+wc-c4-3d - $latency
	[15535.932, 22866.450, 24376.632, 10943.188, 18009.340, 23864.493, 31963.360, 8152.985, 21142.848, 25170.315, 31056.244, 4413.863, 28728.633, 13728.336, 6754.489, 12184.062, 16347.051, 32627.720, 24688.914, 12330.073, 20514.615, 1496.728, 22081.708, 19040.770, 28660.024, 16134.878, 24191.213, 17836.514, 19989.553, 29826.370, 2604.170, 11854.485, 11976.075, 8833.302, 24541.127, 25203.862, 19985.073, 15458.317, 30863.155, 30650.089, 1121.882, 8844.730, 27524.379, 28623.380, 20397.788, 26543.548, 20843.762, 6990.511, 27470.416, 14453.548]
	

	Random Forest – Label encoder – Wc+wc-c4-3d - $throughput
	[11202.156, 14667.494, 13502.083, 9401.768, 12477.049, 12237.694, 10837.418, 8956.220, 10866.797, 10777.254, 14503.373, 9140.878, 13273.666, 8527.992, 7380.263, 7949.327, 9115.473, 10870.078, 10765.064, 10437.341, 8682.984, 4289.443, 7573.817, 7209.276, 13275.178, 8695.805, 9156.837, 11520.377, 13629.807, 12095.258, 6200.543, 10641.399, 7813.845, 6425.043, 8703.885, 12831.345, 19516.760, 11030.655, 8638.529, 10937.694, 4858.002, 9330.562, 12080.057, 14379.563, 12030.018, 11173.287, 12238.228, 10617.608, 17792.649, 7451.192]
	

	knn - Label encoder – Wc+wc-c4-3d - $throughput
	[8092.297, 16041.866, 14140.114, 8991.590, 9840.867, 9988.731, 10690.308, 7718.137, 9344.290, 9725.623, 16452.858, 8889.207, 14509.380, 8427.525, 7464.008, 7977.091, 8707.126, 13955.043, 10473.044, 10169.842, 10706.370, 6520.796, 8513.071, 7163.236, 12884.282, 9221.930, 10700.628, 11509.690, 12039.918, 10674.316, 6498.442, 9222.456, 8342.247, 7282.858, 9786.467, 13285.283, 15697.212, 11307.399, 9949.704, 12081.532, 6604.453, 8540.962, 13750.120, 14944.168, 11481.203, 11081.667, 10432.784, 8148.655, 8918.967, 6747.351]
	

	SVR - Label encoder – Wc+wc-c4-3d - $throughput
	

	Decision Tree – Label encoder – Wc+wc-c4-3d - $throughput
	[13000.412, 19999.447, 13056.269, 9241.674, 14804.517, 9564.788, 10221.735, 9500.962, 11558.067, 9738.427, 14772.508, 7426.078, 14562.428, 9484.151, 7053.136, 7985.246, 10267.153, 14599.177, 11560.402, 10840.528, 14476.499, 7904.254, 8615.214, 7275.407, 13125.344, 9347.660, 8566.859, 13487.712, 16478.418, 12547.909, 7096.073, 9878.689, 8340.447, 7666.141, 11543.179, 15258.466, 24700.950, 16013.555, 13698.728, 11231.579, 8303.968, 12443.977, 13059.064, 15886.232, 12992.590, 13178.881, 11242.835, 10219.213, 16074.522, 7591.089]
	

	Linear Regression – Label encoder – Wc+wc-c4-3d - $throughput
	[7913.801, 12668.828, 11904.763, 9355.685, 10621.223, 8649.507, 8490.834, 8927.700, 6701.897, 10994.352, 12568.601, 7176.701, 11732.662, 9206.183, 11845.543, 7330.692, 6420.544, 13167.622, 11524.465, 8292.921, 7863.261, 10289.838, 7369.962, 8427.158, 11050.967, 9852.050, 9348.346, 11749.975, 12039.106, 10577.280, 9302.308, 9051.520, 10083.397, 8389.863, 7936.725, 11115.879, 15638.400, 9939.563, 6945.817, 9184.944, 5088.349, 6519.049, 10490.927, 14308.835, 8814.693, 10830.082, 9302.210, 6424.035, 15933.958, 5302.042]
	

	Kernel Ridge – Label encoder – Wc+wc-c4-3d - $throughput
	[6724.939, 11512.856, 11670.638, 7486.702, 9994.921, 8439.254, 8354.330, 7955.817, 6541.746, 8334.992, 11285.798, 6387.330, 11611.456, 7745.743, 10503.690, 7349.839, 7679.463, 11349.287, 9587.759, 8288.706, 6886.834, 8706.827, 7190.224, 7271.336, 10060.581, 9145.473, 8452.092, 8631.344, 11081.552, 10711.080, 7045.256, 7320.851, 8912.999, 7031.008, 8002.390, 9540.971, 14522.691, 9683.501, 8249.652, 10028.449, 5392.712, 5590.248, 9980.379, 12447.373, 7816.778, 12170.153, 8613.371, 5292.347, 15326.279, 5086.514]
	

	Random Forest – Label encoder – Wc+wc-c4-3d - $latency
	[13446.940, 30898.825, 20560.872, 15190.167, 18034.894, 19523.141, 24367.905, 11339.940, 19763.556, 20293.456, 35711.377, 5657.030, 25132.161, 9132.528, 6115.199, 11704.815, 15529.827, 27266.983, 23078.793, 11853.308, 18373.190, 1150.348, 17809.718, 17737.077, 24030.232, 20401.009, 19147.715, 16273.809, 14974.443, 27534.215, 2729.432, 13827.228, 11450.356, 8508.444, 23768.068, 19767.403, 29121.131, 14547.847, 21228.478, 26495.741, 1310.737, 7723.921, 22212.431, 28648.610, 27067.105, 23922.930, 21133.806, 6399.444, 35348.475, 17889.631]
	

	knn – Label encoder – Wc+wc-c4-3d - $latency
	[14357.671, 28247.281, 21890.092, 9583.398, 16678.519, 25308.851, 31269.593, 8566.451, 20603.743, 17323.517, 27493.620, 4256.536, 27140.530, 10261.599, 7107.602, 12228.900, 13110.535, 27385.233, 25517.404, 12191.850, 17596.791, 1635.407, 20167.378, 18286.045, 27083.763, 19255.417, 21267.128, 12499.391, 17033.188, 30440.720, 2666.908, 8339.755, 10576.591, 8514.535, 18073.173, 24996.044, 23231.268, 15252.141, 28893.007, 28533.283, 1196.674, 7945.690, 20252.471, 26674.255, 24026.458, 22752.906, 20362.928, 7093.318, 26678.131, 16555.896]
	

	SVR – Label encoder – Wc+wc-c4-3d - $latency
	
	Decision Tree – Label encoder – Wc+wc-c4-3d - $latency
	[12582.266, 28448.848, 18227.294, 17456.211, 15487.986, 23727.993, 26788.456, 8226.494, 19480.704, 23310.163, 32457.792, 6428.539, 30741.961, 19795.476, 7270.836, 14253.611, 15903.604, 34206.040, 22720.791, 11216.956, 27874.238, 1579.447, 14628.965, 17467.477, 38323.728, 21920.819, 20151.397, 18829.273, 16830.427, 27879.668, 2439.671, 13749.350, 20578.600, 8436.601, 37418.439, 18226.890, 28775.501, 11892.671, 21714.359, 35594.698, 1205.686, 7857.939, 23049.412, 21378.736, 25842.467, 43466.877, 20360.208, 6170.758, 32651.795, 21172.772]
	

	Linear Regression – Label encoder – Wc+wc-c4-3d - $latency
	[14597.485, 23108.459, 23543.225, 11320.990, 16150.928, 27667.947, 32962.256, 9920.075, 24435.665, 14413.724, 18892.794, 4768.204, 27892.093, 12066.800, 6929.012, 13352.464, 18219.388, 31491.181, 23908.782, 13022.164, 22977.730, 1633.276, 19589.747, 22598.706, 26549.683, 17896.513, 23438.376, 20021.106, 17347.662, 31360.703, 3698.857, 8685.102, 13349.621, 9665.488, 19721.787, 25075.081, 24492.760, 11633.385, 30852.521, 41894.493, 1111.854, 8551.653, 24698.115, 25303.859, 21937.174, 26447.735, 22904.409, 9431.495, 34117.046, 17189.663]
	

	Kernel Ridge – Label encoder – Wc+wc-c4-3d - $latency
	[14321.115, 21806.666, 22134.186, 10105.497, 15862.562, 23703.228, 30434.507, 9123.295, 22120.520, 16391.173, 22648.762, 4540.141, 27297.909, 12439.845, 6729.135, 12610.164, 15611.253, 27503.216, 22233.956, 12621.474, 18137.898, 1408.397, 17407.792, 19491.290, 25478.805, 16605.646, 22016.169, 15002.090, 16449.281, 31164.859, 2898.794, 9388.563, 12032.132, 9015.709, 21196.040, 23318.992, 21985.744, 11537.335, 28676.499, 31728.709, 956.945, 7886.208, 22685.338, 25305.132, 21182.441, 23878.107, 22106.026, 7206.894, 29959.485, 16510.021]
	

	Random Forest – One hot encoder – Wc+rs-c4-3d - $throughput
	[15113.526, 14848.054, 9921.943, 8613.760, 16795.131, 14378.739, 13656.229, 10085.680, 14972.297, 14358.256, 18614.249, 13161.525, 17048.285, 8834.147, 9265.417, 8000.798, 12219.360, 10531.740, 17473.500, 12785.932, 17005.265, 3620.511, 10841.589, 7578.350, 16716.201, 19405.672, 12430.971, 13660.901, 14746.435, 14402.088, 6292.788, 13139.062, 11155.718, 8584.410, 12725.685, 15114.517, 23182.779, 14274.121, 12000.077, 12191.315, 5573.968, 9935.516, 13759.557, 15652.924, 14481.875, 15728.661, 14868.653, 11023.206, 16268.461, 8908.565]
	

	knn – One hot encoder – Wc+rs-c4-3d - $throughput
	[16809.452, 18623.882, 9784.102, 11496.743, 14526.404, 17358.680, 20478.636, 11597.651, 15367.197, 14302.618, 20990.891, 12364.806, 17694.609, 10597.505, 10952.466, 10554.566, 12460.851, 17429.700, 19621.498, 14557.406, 17849.584, 11737.185, 12729.258, 9388.857, 22165.562, 16204.702, 13226.627, 16759.968, 17237.364, 15080.174, 8614.917, 15769.547, 13160.435, 10881.377, 18682.025, 16398.629, 16974.072, 17219.366, 18604.773, 13171.135, 9636.880, 11978.466, 15343.072, 20160.879, 16991.068, 16717.906, 20246.756, 15213.086, 15216.968, 8545.731]
	

	SVR – One hot encoder – Wc+rs-c4-3d - $throughput
	[15672.423, 17768.172, 11330.494, 9604.825, 14628.111, 14711.411, 15273.852, 9619.392, 13370.881, 13842.020, 17080.460, 11755.238, 16288.492, 8934.302, 10576.491, 8315.259, 12119.850, 18629.862, 17738.223, 12363.721, 15984.885, 11429.776, 11863.683, 7319.743, 18833.841, 13973.491, 12760.847, 13300.359, 14788.732, 14636.364, 7812.559, 12486.926, 11403.924, 9565.650, 17333.782, 15277.321, 14755.738, 14478.299, 16737.097, 14771.365, 9600.950, 10677.360, 13195.078, 17933.642, 14949.419, 15965.290, 15088.783, 12344.448, 13900.668, 9430.964]
	

	Decision Tree – One hot encoder – Wc+rs-c4-3d - $throughput
	[15570.935, 13711.693, 10295.916, 8589.713, 22205.232, 13159.840, 15780.798, 9994.391, 15675.967, 13495.366, 17318.926, 12691.408, 16886.926, 10292.804, 8529.824, 9202.103, 16738.509, 10736.548, 18127.578, 16221.421, 20699.724, 3058.195, 12804.758, 7592.843, 17379.014, 19446.501, 13039.724, 13183.495, 16699.335, 14052.191, 6088.025, 13736.887, 10755.067, 8361.350, 15068.052, 14959.983, 26377.904, 13086.686, 14556.967, 18837.331, 4595.798, 10447.828, 15818.227, 14732.142, 13378.821, 17353.257, 14897.458, 11649.255, 22286.484, 7439.500]
	

	Linear Regression – One hot encoder – Wc+rs-c4-3d - $throughput
	[20419.500, 24371.545, 10890.710, 8899.230, 25114.960, 16546.648, 15814.676, 9673.170, 16665.849, 16110.296, 30494.638, 17671.356, 19724.481, 10387.914, 7773.062, 9227.091, 18910.906, 15954.138, 19956.226, 23863.721, 22409.085, 7783.951, 17254.654, 7424.512, 35261.336, 20540.418, 22145.671, 15399.694, 17375.082, 20731.893, 6511.445, 14614.211, 11241.260, 8931.616, 26345.521, 17420.689, 19250.031, 18465.462, 17072.749, 20514.869, 5172.603, 13287.211, 14974.231, 19150.408, 15387.359, 32680.737, 16918.451, 11055.578, 16833.458, 8195.380]
	

	Kernel Ridge – One hot encoder – Wc+rs-c4-3d - $throughput
	[19932.066, 19361.089, 18557.269, 13914.158, 17550.960, 21912.967, 19012.789, 10744.589, 17082.669, 20398.451, 25635.372, 16905.913, 20765.538, 12928.058, 14725.563, 13756.966, 17369.575, 15650.638, 21209.043, 16052.079, 19910.310, 13663.666, 19204.028, 15169.568, 17531.578, 16641.472, 16589.594, 16915.145, 19951.880, 18906.481, 14303.907, 17072.872, 15224.781, 13132.304, 17498.490, 18297.043, 20529.865, 17041.775, 22149.843, 18488.326, 12527.672, 14261.654, 18132.463, 20693.972, 17151.459, 20343.443, 21021.075, 14127.197, 18047.925, 14188.061]
	

	Random Forest – One hot encoder – Wc+rs-c4-3d - $latency
	[30748.387, 35680.072, 25866.342, 16129.283, 29872.142, 29549.595, 23735.420, 7607.936, 24531.012, 29054.650, 40875.645, 21019.295, 35097.043, 12596.368, 6648.425, 14100.730, 21916.948, 14920.305, 33055.078, 20629.625, 29641.550, 1202.746, 22587.696, 19792.979, 35857.881, 18844.222, 35593.858, 24844.759, 35941.507, 29672.292, 2609.394, 23525.468, 23680.882, 8095.490, 24844.304, 31097.564, 34476.340, 27946.900, 20199.541, 37665.515, 1306.295, 18589.916, 29223.728, 30190.469, 33146.320, 46836.438, 35328.983, 6674.182, 35079.330, 26650.209]
	

	knn – One hot encoder – Wc+rs-c4-3d - $latency
	[25307.005, 23145.183, 29658.592, 13642.954, 25435.287, 30253.071, 24847.121, 6871.224, 25520.466, 29029.238, 36444.121, 21701.069, 36523.401, 17966.207, 6784.170, 12526.400, 22672.262, 30823.000, 28202.304, 21017.320, 29223.593, 1233.112, 20814.724, 19032.191, 34153.725, 14749.003, 34536.850, 23829.144, 36434.305, 35058.039, 2716.976, 23192.349, 19651.382, 7902.527, 25021.368, 38163.251, 23901.850, 27952.166, 29592.731, 26156.633, 1380.386, 17253.509, 29368.048, 30930.013, 31364.195, 32840.664, 35074.091, 7314.919, 27782.821, 21034.230]
	

	SVR – One hot encoder – Wc+rs-c4-3d - $latency
	[28828.260, 39600.578, 32652.463, 12445.803, 26618.201, 28804.068, 23827.061, 6948.453, 23705.496, 28961.914, 35657.286, 19794.226, 35083.851, 24622.254, 6477.773, 12293.347, 20776.783, 39401.979, 34954.466, 20335.935, 27793.606, 1372.184, 22048.077, 18994.409, 37605.710, 13268.219, 33369.300, 23175.819, 37679.367, 31841.302, 2477.209, 22895.155, 18671.808, 7896.605, 39530.718, 39919.618, 20797.764, 26763.850, 30608.303, 32277.272, 1540.859, 16684.765, 27321.454, 39915.868, 30477.736, 36446.046, 33897.128, 6637.187, 26229.032, 20183.926]
	

	Decision Tree – One hot encoder – Wc+rs-c4-3d - $latency
	[32525.084, 36526.943, 29042.476, 18769.515, 44763.614, 37039.027, 26077.251, 6755.507, 31632.622, 32636.578, 46085.241, 21530.744, 35457.114, 9799.542, 6497.150, 15922.141, 23049.912, 13959.458, 38554.245, 20365.061, 30688.863, 974.890, 23689.770, 19074.774, 38163.001, 19349.728, 35994.681, 27535.948, 32149.275, 33493.974, 2969.433, 29874.877, 26278.587, 7901.136, 30500.850, 31377.183, 38289.078, 28722.181, 23152.505, 42299.636, 1504.707, 16506.038, 31412.784, 41600.565, 32234.853, 46569.927, 33929.990, 6740.135, 44590.568, 20259.883]
	

	Linear Regression – One hot encoder – Wc+rs-c4-3d - $latency
	[38088.196, 46231.926, 36141.287, 26696.796, 40173.771, 35719.989, 23240.308, 6714.407, 39953.691, 28964.170, 33216.280, 33221.067, 56791.660, 24436.939, 6585.473, 16150.168, 46092.507, 20260.718, 36756.929, 50198.374, 35372.255, 1052.929, 42392.338, 21848.680, 86272.930, 26665.190, 66116.712, 30636.708, 39519.386, 34649.841, 3727.055, 28938.707, 38362.798, 11930.231, 54640.231, 35156.658, 50292.004, 30209.459, 41675.508, 63397.394, 1418.682, 23238.824, 39588.047, 43614.637, 36956.716, 43395.478, 37040.528, 6847.191, 35022.561, 43704.670]
	

	Kernel Ridge – One hot encoder – Wc+rs-c4-3d - $latency
	[26736.527, 31342.346, 30906.178, 11647.876, 25007.847, 26640.012, 22670.287, 6967.489, 24249.081, 29499.699, 33084.873, 19789.054, 35382.200, 20573.996, 6502.010, 12135.528, 20931.750, 30819.124, 31283.920, 20444.093, 27637.236, 1268.465, 21010.693, 19316.626, 32868.715, 13362.897, 31857.117, 21996.163, 34138.623, 31111.493, 2425.240, 22558.351, 18323.907, 8041.103, 31499.889, 35899.441, 21542.352, 26082.344, 27325.361, 29140.107, 1346.664, 16356.060, 26802.495, 31288.479, 29104.245, 32314.073, 34311.448, 6729.766, 26687.768, 19910.009]
	

	Random Forest – Label encoder – Wc+rs-c4-3d - $throughput
	[13851.790, 17666.549, 11062.680, 8664.605, 15459.675, 15519.580, 13890.154, 9381.255, 11677.645, 13726.791, 18497.129, 12088.368, 14088.095, 8507.559, 8146.040, 8807.315, 8910.276, 9571.051, 17514.164, 11464.561, 18630.227, 4434.067, 9644.925, 8109.712, 16425.770, 17125.028, 13426.174, 14094.438, 14707.667, 14013.184, 6486.237, 11478.914, 8813.023, 7956.851, 11330.751, 13726.216, 21866.986, 13735.078, 11159.652, 12195.042, 6176.646, 10056.451, 11881.037, 18668.453, 15554.229, 14433.305, 17611.249, 10576.716, 18822.741, 7826.084]
	

	knn – Label encoder – Wc+rs-c4-3d - $throughput
	[13367.380, 20592.806, 12669.798, 9244.431, 12204.385, 14467.159, 13174.548, 8672.652, 9842.185, 15978.817, 21236.679, 11662.539, 15806.871, 8851.513, 9306.606, 8511.178, 9599.975, 12933.852, 20009.205, 12454.092, 15166.455, 8447.296, 11523.988, 8612.781, 13950.819, 15069.182, 14250.201, 13461.375, 16840.439, 11739.374, 6836.321, 10535.809, 9604.933, 9096.620, 13034.169, 17456.716, 16768.826, 13069.640, 14586.190, 14045.160, 8362.620, 9749.488, 14926.508, 18882.151, 16557.530, 15322.757, 14821.557, 9667.256, 11174.635, 7801.531]
	

	SVR - Label encoder – Wc+rs-c4-3d - $throughput
	[22466.982, 20929.849, 28235.018, 9963.191, 26281.032, 33862.285, 12655.703, 8098.245, 21487.806, 36541.675, 32921.909, 18014.254, 23740.064, 31896.474, 20146.390, 18334.359, 14580.151, 13281.068, 34082.592, 16649.185, 21065.840, 13304.861, 19396.119, 12051.283, 19514.540, 27000.480, 20858.108, 27177.803, 28731.414, 15271.417, 15645.101, 15247.472, 13176.462, 27697.277, 37990.815, 27675.507, 21298.550, 24120.613, 21142.148, 28855.086, 11638.788, 13502.333, 18853.248, 27341.800, 13284.943, 31934.756, 19355.934, 16059.015, 16003.657, 11331.892]
	

	Decision Tree – Label encoder – Wc+rs-c4-3d - $throughput
	[14858.910, 18145.727, 10059.491, 10045.325, 20794.582, 20177.800, 12253.191, 10580.284, 12047.188, 13603.786, 20423.422, 16654.777, 16143.837, 9101.209, 5897.154, 9078.173, 8801.346, 10084.912, 17212.260, 14333.912, 21540.650, 5367.282, 11893.911, 8916.129, 13067.369, 22476.457, 14083.213, 14610.318, 15430.383, 13547.898, 6172.756, 11467.593, 9233.716, 6907.187, 12349.174, 14863.830, 18684.735, 17332.279, 14099.599, 16372.522, 7403.199, 9911.639, 14558.753, 14606.992, 18110.154, 16468.704, 15399.887, 11482.177, 20075.947, 7604.019]
	

	Linear Regression – Label encoder – Wc+rs-c4-3d - $throughput
	[11753.912, 15234.454, 11866.238, 9370.318, 13110.216, 11770.721, 11240.812, 9732.163, 7109.465, 20982.238, 17212.431, 9065.950, 13252.993, 12026.145, 14681.781, 8496.694, 7331.356, 13300.690, 19592.961, 9673.847, 12078.719, 13390.285, 10261.323, 8842.890, 13594.105, 15930.137, 13066.971, 13963.914, 15948.235, 12085.329, 9282.589, 6833.724, 11773.798, 9725.507, 10827.112, 14198.268, 17579.851, 14761.219, 11532.828, 11317.815, 6972.488, 9275.467, 12022.030, 16485.821, 14333.805, 14075.517, 13024.540, 8044.103, 18774.029, 6202.487]
	

	Kernel Ridge – Label encoder – Wc+rs-c4-3d - $throughput
	[10632.183, 13896.117, 11309.162, 7544.790, 12913.676, 11564.229, 11029.390, 8640.926, 6855.747, 15024.477, 15664.263, 8880.802, 13412.464, 10577.945, 12334.814, 8071.969, 8892.246, 11680.991, 17700.366, 9641.201, 11249.983, 11381.186, 9744.604, 8047.989, 12918.670, 14539.320, 11930.242, 10364.672, 14758.840, 12264.375, 7337.241, 6876.357, 10536.868, 8629.469, 11392.831, 12348.313, 16819.762, 12832.836, 12183.156, 12418.188, 7234.060, 7641.402, 11194.325, 15028.762, 12947.565, 15352.782, 12752.239, 6792.372, 17918.039, 6022.088]
	

	Random Forest – Label encoder – Wc+rs-c4-3d - $latency
	[23098.946, 34208.502, 16928.412, 14637.878, 30565.300, 22097.830, 16092.906, 8354.712, 23885.292, 28388.522, 37746.718, 22753.526, 27048.429, 12299.303, 5976.144, 13133.124, 22828.324, 8052.335, 23422.011, 19859.631, 23012.804, 1175.725, 15432.250, 17498.903, 42881.650, 17024.817, 19877.012, 20728.174, 24408.547, 29233.227, 2650.122, 22403.754, 17831.015, 7742.076, 31058.025, 23471.578, 34283.525, 21174.695, 17974.070, 29556.913, 1715.315, 17127.298, 22183.499, 28370.636, 26971.132, 40230.173, 39128.447, 6320.790, 37005.911, 26274.072]
	

	knn – Label encoder – Wc+rs-c4-3d - $latency
	[22433.706, 35962.248, 22982.966, 10302.153, 21490.643, 22044.614, 21209.035, 7287.985, 23339.587, 22074.117, 30006.392, 19998.125, 33991.354, 13809.905, 6853.583, 11992.721, 17763.305, 18886.643, 28306.922, 20522.994, 24523.934, 1336.252, 16992.195, 18472.984, 31651.142, 15755.247, 23967.109, 16570.756, 26960.252, 31870.012, 2473.890, 20484.486, 17476.151, 7721.690, 22197.511, 30920.799, 24883.226, 27363.363, 25129.695, 26756.891, 1464.159, 16257.234, 19606.928, 27475.640, 28837.588, 29850.846, 33731.518, 6815.616, 25932.969, 22736.017]
	

	SVR – Label encoder – Wc+rs-c4-3d - $latency
	[28528.963, 39583.687, 32513.735, 12420.493, 26130.692, 28177.974, 23784.269, 6772.916, 23554.766, 28931.179, 35633.771, 19747.666, 34500.188, 24289.252, 6397.472, 12140.831, 20459.851, 39132.744, 34885.604, 20262.319, 27750.442, 1298.732, 21946.861, 18970.626, 36036.263, 13252.967, 32407.712, 22992.651, 37653.404, 31267.688, 2358.115, 22728.643, 18612.161, 7864.638, 39515.247, 39070.583, 20606.815, 26674.700, 30609.064, 32199.807, 1245.288, 16361.233, 26511.812, 38603.071, 30449.414, 36307.069, 33235.927, 6567.737, 26120.395, 20149.704]
	

	Decision Tree – Label encoder – Wc+rs-c4-3d - $latency
	[24288.753, 31595.785, 16491.654, 23629.591, 40856.390, 22025.902, 17574.735, 9223.460, 22117.416, 20223.330, 25420.917, 20692.668, 24012.308, 9234.541, 5772.612, 14640.357, 19865.229, 16091.208, 33630.761, 19049.367, 26942.433, 1181.108, 16497.336, 17480.535, 28532.791, 20454.958, 24742.235, 20422.691, 20040.663, 33037.318, 4473.078, 30001.350, 24296.100, 7641.684, 28906.631, 19403.537, 32808.481, 29739.404, 24077.652, 30478.906, 1666.883, 21550.219, 18038.292, 28422.380, 35605.527, 12152.635, 39962.417, 5980.883, 42257.023, 32981.780]
	

	Linear Regression – Label encoder – Wc+rs-c4-3d - $latency
	[22722.642, 30850.814, 22348.376, 12198.986, 23107.663, 27668.401, 21246.621, 8459.886, 28102.006, 18470.485, 21913.647, 19025.618, 35501.594, 19229.758, 6678.810, 13217.751, 23964.709, 22994.883, 32134.835, 22000.137, 33017.243, 1307.650, 18590.781, 23116.643, 30851.166, 14616.280, 21569.020, 25645.995, 24749.597, 32994.633, 3406.228, 27208.229, 21193.140, 8749.341, 25086.453, 35141.850, 26700.606, 25934.655, 25222.545, 40771.267, 1494.399, 17575.957, 22754.543, 25826.018, 31264.880, 34360.271, 40041.176, 9061.992, 36044.036, 23696.322]
	

	Kernel Ridge – Label encoder – Wc+rs-c4-3d - $latency
	[22800.780, 28946.646, 21940.267, 10847.498, 22617.680, 23609.947, 19790.778, 7776.846, 25423.267, 23072.471, 25188.243, 18192.099, 34301.020, 19888.465, 6483.607, 12471.620, 20734.084, 20005.336, 29624.997, 21259.551, 26328.216, 1117.619, 16103.496, 19653.459, 27853.784, 13680.849, 21420.425, 19118.219, 25227.645, 32771.187, 2670.586, 20874.492, 19107.773, 8167.910, 26351.926, 31626.206, 23820.842, 24575.458, 23876.175, 31255.808, 1279.310, 16169.174, 21249.292, 25604.616, 25794.667, 30889.275, 37724.387, 6920.046, 29844.479, 22583.777]
	

	Random Forest – One hot encoder – Noc-CM-log - $energy
	[0.449, 0.336, 0.518, 0.495, 0.663, 0.503, 0.677, 0.395, 0.604, 0.602, 0.525, 0.433, 0.544, 0.586, 0.417, 0.749, 0.484, 0.447, 0.491, 0.689, 0.524, 0.426, 0.545, 0.436, 0.595, 0.322, 0.715, 0.416, 0.529, 0.592, 0.882, 0.514, 0.529, 0.694, 0.661, 0.698, 0.543, 0.501, 0.315, 0.608, 0.684, 0.621, 0.559, 0.569, 0.525, 0.292, 0.768, 0.784, 0.481, 0.377]
	

	knn – One hot encoder – Noc-CM-log - $energy
	[0.821, 1.029, 0.919, 1.061, 0.951, 1.027, 0.793, 0.786, 1.072, 0.957, 0.831, 0.736, 0.833, 0.886, 0.888, 1.066, 0.758, 0.783, 1.309, 0.926, 0.889, 0.923, 0.778, 0.993, 1.126, 0.923, 0.766, 0.606, 1.028, 0.958, 1.049, 0.815, 0.947, 1.013, 1.007, 0.901, 0.988, 0.845, 0.842, 0.948, 0.930, 0.968, 0.883, 0.841, 1.044, 0.667, 0.779, 0.875, 0.772, 0.740]
	

	SVR – One hot encoder – Noc-CM-log - $energy
	[0.397, 0.312, 0.400, 0.413, 0.344, 0.381, 0.510, 0.412, 0.496, 0.436, 0.242, 0.409, 0.365, 0.314, 0.430, 0.610, 0.285, 0.392, 0.347, 0.385, 0.386, 0.336, 0.511, 0.294, 0.413, 0.407, 0.341, 0.260, 0.356, 0.350, 0.380, 0.299, 0.501, 0.353, 0.516, 0.284, 0.323, 0.356, 0.231, 0.259, 0.548, 0.544, 0.445, 0.321, 0.308, 0.285, 0.506, 0.684, 0.306, 0.256]
	

	Decision Tree – One hot encoder – Noc-CM-log - $energy
	[0.676, 0.180, 0.436, 0.381, 0.685, 0.469, 0.663, 0.367, 0.657, 0.521, 0.514, 0.343, 0.444, 0.532, 0.468, 0.800, 0.373, 0.343, 0.347, 0.564, 0.764, 0.438, 0.599, 0.383, 0.707, 0.335, 0.561, 0.461, 0.830, 0.467, 0.700, 0.413, 0.566, 0.449, 0.926, 0.455, 0.444, 0.524, 0.372, 0.503, 1.072, 0.298, 0.499, 0.504, 0.537, 0.394, 1.055, 0.935, 0.298, 0.282]
	

	Linear Regression – One hot encoder – Noc-CM-log - $energy
	[0.438, 0.312, 0.395, 0.387, 0.273, 0.402, 0.491, 0.368, 0.400, 0.373, 0.241, 0.359, 0.352, 0.202, 0.383, 0.616, 0.262, 0.300, 0.284, 0.238, 0.369, 0.357, 0.557, 0.331, 0.514, 0.312, 0.214, 0.281, 0.278, 0.380, 0.456, 0.277, 0.348, 0.277, 0.404, 0.300, 0.358, 0.389, 0.185, 0.242, 0.647, 0.339, 0.428, 0.344, 0.267, 0.373, 0.546, 0.670, 0.305, 0.251]
	

	Kernel Ridge – One hot encoder – Noc-CM-log - $energy
	[0.980, 0.348, 0.659, 1.037, 0.682, 0.761, 0.906, 0.454, 1.076, 1.124, 0.270, 0.749, 0.871, 0.437, 0.556, 1.191, 0.628, 0.622, 0.504, 0.804, 0.379, 0.377, 0.874, 0.387, 0.987, 0.359, 0.560, 1.052, 0.408, 0.447, 0.873, 0.549, 0.808, 0.570, 0.419, 0.322, 0.862, 0.651, 0.686, 0.392, 0.667, 1.044, 0.375, 0.783, 0.549, 0.437, 0.979, 1.305, 1.138, 0.711]
	

	Random Forest – One hot encoder – Noc-CM-log - $inv_runtime
	[0.082, 0.084, 0.083, 0.154, 0.060, 0.104, 0.080, 0.077, 0.147, 0.099, 0.065, 0.144, 0.078, 0.131, 0.046, 0.106, 0.157, 0.058, 0.120, 0.081, 0.085, 0.067, 0.144, 0.106, 0.139, 0.076, 0.044, 0.170, 0.088, 0.077, 0.096, 0.075, 0.155, 0.074, 0.109, 0.084, 0.137, 0.182, 0.140, 0.101, 0.154, 0.161, 0.140, 0.084, 0.065, 0.068, 0.163, 0.095, 0.122, 0.065]
	

	knn – One hot encoder – Noc-CM-log - $inv_runtime
	[0.146, 0.144, 0.249, 0.205, 0.109, 0.117, 0.095, 0.105, 0.157, 0.103, 0.101, 0.193, 0.118, 0.183, 0.083, 0.123, 0.144, 0.114, 0.175, 0.109, 0.093, 0.104, 0.182, 0.206, 0.219, 0.088, 0.089, 0.203, 0.108, 0.106, 0.123, 0.117, 0.223, 0.104, 0.163, 0.115, 0.148, 0.178, 0.152, 0.126, 0.163, 0.179, 0.158, 0.104, 0.120, 0.113, 0.185, 0.159, 0.220, 0.132]
	

	SVR – One hot encoder – Noc-CM-log - $inv_runtime
	[0.108, 0.084, 0.143, 0.153, 0.067, 0.090, 0.078, 0.072, 0.151, 0.093, 0.052, 0.077, 0.096, 0.137, 0.042, 0.106, 0.139, 0.076, 0.112, 0.072, 0.094, 0.056, 0.135, 0.121, 0.127, 0.064, 0.050, 0.163, 0.072, 0.089, 0.103, 0.102, 0.180, 0.082, 0.127, 0.091, 0.148, 0.154, 0.139, 0.085, 0.150, 0.182, 0.148, 0.093, 0.071, 0.084, 0.163, 0.144, 0.137, 0.053]
	

	Decision Tree – One hot encoder – Noc-CM-log - $inv_runtime
	[0.077, 0.074, 0.090, 0.165, 0.056, 0.094, 0.089, 0.105, 0.153, 0.101, 0.066, 0.125, 0.095, 0.157, 0.049, 0.111, 0.166, 0.020, 0.135, 0.092, 0.100, 0.066, 0.155, 0.076, 0.157, 0.075, 0.061, 0.171, 0.065, 0.086, 0.143, 0.086, 0.269, 0.085, 0.118, 0.094, 0.125, 0.164, 0.141, 0.093, 0.209, 0.161, 0.127, 0.099, 0.052, 0.069, 0.080, 0.135, 0.192, 0.040]
	

	Linear Regression – One hot encoder – Noc-CM-log - $inv_runtime
	[0.083, 0.074, 0.207, 0.156, 0.062, 0.093, 0.074, 0.059, 0.158, 0.092, 0.068, 0.076, 0.087, 0.147, 0.047, 0.128, 0.186, 0.023, 0.141, 0.071, 0.084, 0.054, 0.181, 0.152, 0.196, 0.063, 0.054, 0.153, 0.073, 0.077, 0.119, 0.096, 0.198, 0.090, 0.151, 0.091, 0.146, 0.191, 0.134, 0.076, 0.265, 0.190, 0.196, 0.117, 0.125, 0.089, 0.181, 0.128, 0.131, 0.054]
	

	Kernel Ridge – One hot encoder – Noc-CM-log - $inv_runtime
	[0.676, 0.222, 0.550, 0.559, 0.474, 0.552, 0.404, 0.256, 0.772, 0.759, 0.140, 0.637, 0.693, 0.182, 0.409, 0.552, 0.349, 0.409, 0.374, 0.600, 0.255, 0.183, 0.453, 0.227, 0.672, 0.251, 0.396, 0.845, 0.171, 0.126, 0.541, 0.328, 0.608, 0.387, 0.232, 0.153, 0.653, 0.625, 0.336, 0.200, 0.243, 0.700, 0.285, 0.560, 0.316, 0.309, 0.529, 0.595, 0.745, 0.540]
	

	Random Forest – Label encoder – Noc-CM-log - $energy
	[0.324, 0.273, 0.420, 0.476, 0.483, 0.308, 0.403, 0.345, 0.492, 0.430, 0.549, 0.393, 0.365, 0.501, 0.486, 0.510, 0.322, 0.253, 0.327, 0.339, 0.273, 0.445, 0.336, 0.336, 0.342, 0.528, 0.441, 0.353, 0.316, 0.324, 0.439, 0.356, 0.406, 0.396, 0.548, 0.345, 0.366, 0.506, 0.210, 0.412, 0.409, 0.335, 0.446, 0.392, 0.458, 0.273, 0.453, 0.505, 0.281, 0.319]
	

	knn – Label encoder – Noc-CM-log - $energy
	[0.463, 0.402, 0.430, 0.471, 0.532, 0.417, 0.358, 0.491, 0.357, 0.340, 0.416, 0.387, 0.529, 0.384, 0.393, 0.511, 0.416, 0.364, 0.477, 0.473, 0.392, 0.409, 0.484, 0.449, 0.534, 0.376, 0.323, 0.447, 0.404, 0.400, 0.462, 0.412, 0.439, 0.516, 0.461, 0.395, 0.400, 0.480, 0.394, 0.487, 0.553, 0.463, 0.522, 0.354, 0.464, 0.430, 0.396, 0.540, 0.368, 0.356]
	

	SVR – Label encoder – Noc-CM-log - $energy
	

	Decision Tree – Label encoder – Noc-CM-log - $energy
	[0.361, 0.411, 0.377, 0.449, 0.561, 0.337, 0.353, 0.322, 0.489, 0.465, 0.422, 0.507, 0.324, 0.373, 0.345, 0.626, 0.385, 0.524, 0.426, 0.547, 0.387, 0.487, 0.431, 0.334, 0.438, 0.286, 0.362, 0.414, 0.570, 0.351, 0.253, 0.318, 0.620, 0.496, 0.621, 0.409, 0.483, 0.427, 0.251, 0.988, 0.427, 0.281, 0.451, 0.445, 0.419, 0.315, 0.511, 0.495, 0.470, 0.376]
	

	Linear Regression – Label encoder – Noc-CM-log - $energy
	[0.467, 0.437, 0.371, 0.616, 0.409, 0.344, 0.318, 0.313, 0.467, 0.352, 0.437, 0.419, 0.401, 0.363, 0.377, 0.352, 0.385, 0.423, 0.472, 0.305, 0.408, 0.410, 0.395, 0.500, 0.442, 0.345, 0.347, 0.372, 0.360, 0.447, 0.416, 0.409, 0.480, 0.432, 0.414, 0.375, 0.378, 0.358, 0.430, 0.419, 0.483, 0.563, 0.420, 0.356, 0.307, 0.418, 0.328, 0.369, 0.380, 0.384]
	

	Kernel Ridge – Label encoder – Noc-CM-log - $energy
	[2.370, 2.287, 2.917, 3.035, 2.836, 2.751, 2.068, 2.712, 3.036, 2.686, 1.989, 3.431, 2.299, 2.950, 2.274, 2.992, 2.577, 2.260, 3.061, 2.721, 2.035, 2.149, 2.480, 3.340, 3.567, 2.430, 3.002, 2.963, 2.371, 2.246, 2.455, 2.014, 3.603, 2.003, 2.704, 2.327, 2.126, 3.449, 2.143, 3.167, 2.397, 2.239, 2.456, 2.613, 2.578, 2.458, 2.983, 3.152, 3.084, 2.386]
	

	Random Forest – Label encoder – Noc-CM-log - $inv_runtime
	[0.096, 0.082, 0.118, 0.174, 0.061, 0.087, 0.070, 0.062, 0.127, 0.078, 0.064, 0.120, 0.080, 0.128, 0.043, 0.103, 0.120, 0.042, 0.100, 0.071, 0.067, 0.059, 0.094, 0.105, 0.131, 0.042, 0.055, 0.171, 0.067, 0.096, 0.091, 0.086, 0.170, 0.075, 0.109, 0.062, 0.128, 0.129, 0.116, 0.086, 0.134, 0.170, 0.144, 0.079, 0.078, 0.081, 0.170, 0.091, 0.177, 0.050]
	

	knn – Label encoder – Noc-CM-log - $inv_runtime
	[0.104, 0.075, 0.102, 0.166, 0.072, 0.076, 0.071, 0.059, 0.121, 0.078, 0.051, 0.130, 0.086, 0.124, 0.040, 0.095, 0.111, 0.092, 0.075, 0.067, 0.081, 0.058, 0.119, 0.135, 0.112, 0.031, 0.046, 0.171, 0.070, 0.075, 0.074, 0.096, 0.155, 0.079, 0.121, 0.072, 0.114, 0.120, 0.125, 0.081, 0.134, 0.158, 0.126, 0.066, 0.073, 0.071, 0.155, 0.095, 0.158, 0.090]
	

	SVR – Label encoder – Noc-CM-log - $inv_runtime
	

	Decision Tree – Label encoder – Noc-CM-log - $inv_runtime
	[0.085, 0.065, 0.107, 0.141, 0.064, 0.092, 0.106, 0.070, 0.154, 0.064, 0.104, 0.125, 0.110, 0.144, 0.053, 0.123, 0.195, 0.029, 0.185, 0.111, 0.071, 0.056, 0.129, 0.119, 0.123, 0.064, 0.062, 0.200, 0.073, 0.102, 0.110, 0.136, 0.274, 0.087, 0.115, 0.084, 0.173, 0.094, 0.119, 0.056, 0.149, 0.142, 0.109, 0.092, 0.067, 0.106, 0.156, 0.172, 0.174, 0.084]
	

	Linear Regression – Label encoder – Noc-CM-log - $inv_runtime
	[0.122, 0.088, 0.140, 0.203, 0.076, 0.081, 0.071, 0.077, 0.141, 0.074, 0.089, 0.153, 0.097, 0.123, 0.060, 0.093, 0.128, 0.083, 0.163, 0.066, 0.073, 0.085, 0.121, 0.146, 0.141, 0.050, 0.061, 0.188, 0.072, 0.085, 0.083, 0.084, 0.185, 0.082, 0.146, 0.078, 0.132, 0.139, 0.138, 0.088, 0.129, 0.171, 0.132, 0.078, 0.067, 0.083, 0.147, 0.120, 0.160, 0.093]
	

	Kernel Ridge – Label encoder – Noc-CM-log - $inv_runtime
	[1.658, 1.631, 1.873, 1.999, 2.017, 1.960, 1.567, 1.870, 2.155, 1.910, 1.607, 2.315, 1.668, 1.898, 1.754, 2.023, 1.757, 1.634, 1.975, 2.015, 1.580, 1.641, 1.736, 2.210, 2.200, 1.819, 2.228, 1.917, 1.599, 1.646, 1.877, 1.626, 2.523, 1.620, 1.580, 1.700, 1.435, 2.321, 1.589, 2.302, 1.955, 1.656, 1.769, 1.832, 1.735, 1.848, 1.992, 2.078, 1.994, 1.798]
	

	Random Forest – One hot encoder – Llvm - $throughput
	[2257.738, 1773.136, 2209.053, 1644.128, 2049.120, 2282.611, 1919.729, 2805.857, 2268.673, 2081.585, 1948.721, 1806.377, 2211.739, 2266.907, 1889.145, 1905.685, 2512.714, 2230.129, 2143.852, 1946.189, 2212.164, 1676.889, 1951.873, 2375.724, 2461.637, 2481.669, 2107.429, 2340.118, 1996.625, 2182.758, 2091.568, 1805.374, 2501.276, 2175.333, 2021.469, 1967.723, 2218.443, 2197.521, 2244.586, 2490.898, 1938.033, 2514.166, 2340.630, 2047.876, 2030.745, 2276.707, 1928.313, 1622.434, 2317.962, 2268.653]
	

	knn – One hot encoder – Llvm - $throughput
	[3578.804, 2163.867, 2559.360, 2016.904, 2512.777, 2457.397, 2406.131, 3215.271, 2472.509, 2225.675, 2446.301, 1985.734, 2577.998, 2352.779, 2360.760, 2148.260, 3042.923, 2762.600, 2322.658, 2287.663, 2677.564, 2161.913, 2344.863, 2524.612, 2521.469, 3097.831, 2337.869, 2392.623, 2377.978, 2452.302, 2628.008, 2037.746, 2653.437, 2477.728, 2199.947, 2230.031, 2610.265, 2124.512, 2542.860, 2846.419, 2499.177, 3000.704, 2494.086, 2334.549, 2402.088, 2632.138, 2388.396, 1888.010, 2502.207, 2312.226]
	

	SVR – One hot encoder – Llvm - $ throughput
	[2911.155, 2355.553, 2676.041, 2327.018, 2459.658, 2665.680, 2631.593, 3042.685, 2674.356, 2643.393, 2712.982, 1918.994, 2866.670, 2671.871, 2665.055, 2453.379, 3029.993, 2780.993, 2619.484, 2437.472, 2724.154, 2493.071, 2715.684, 2673.126, 2677.586, 3158.902, 2657.360, 2397.967, 2328.696, 2636.052, 2751.971, 2366.243, 2915.426, 2724.037, 2562.657, 2481.435, 2616.889, 2469.897, 2657.467, 2737.336, 2531.840, 2951.033, 2639.266, 2578.551, 2587.464, 2912.480, 2685.056, 2300.957, 2728.827, 2587.620]
	

	Decision Tree – One hot encoder – Llvm - $ throughput
	[2070.440, 1911.834, 2353.840, 1813.293, 2017.986, 2041.160, 1941.371, 2722.697, 1994.964, 2213.503, 1784.686, 1742.203, 2302.447, 2366.494, 2249.284, 2458.845, 2645.133, 2171.573, 1712.542, 2201.597, 1903.745, 1718.386, 1698.120, 2278.849, 2707.457, 2706.075, 2280.716, 1838.991, 1569.079, 2143.412, 2464.951, 1920.447, 3036.100, 1920.766, 2341.617, 2053.043, 2204.453, 1906.349, 2329.843, 2219.728, 1751.618, 2363.018, 2309.786, 2196.947, 1962.813, 2506.530, 1859.299, 1210.862, 2143.229, 2356.910]
	

	Linear Regression – One hot encoder – Llvm - $throughput
	[2283.940, 2237.730, 2924.364, 1871.488, 2803.418, 2976.266, 2468.342, 3238.905, 2313.173, 2335.189, 2402.837, 1940.095, 2952.114, 2966.521, 2035.414, 2735.982, 3014.019, 2458.819, 2245.837, 2809.790, 2619.822, 2347.836, 2910.211, 2214.365, 3206.440, 2897.455, 3053.041, 2589.384, 2426.505, 2339.255, 2761.075, 1948.330, 3593.027, 2838.910, 2632.512, 2323.026, 2674.442, 2760.994, 2754.514, 2629.094, 2278.366, 2908.064, 2768.429, 2401.954, 2616.379, 3175.889, 2021.162, 1614.629, 3030.587, 3166.472]
	

	Kernel Ridge – One hot encoder – Llvm - $ throughput
	[3308.104, 2767.058, 3318.844, 2790.877, 3086.420, 3139.105, 3009.624, 3804.100, 3297.196, 3054.797, 3267.024, 2564.884, 3238.264, 3300.695, 3131.573, 3216.662, 3507.698, 3216.720, 3164.874, 2931.429, 3248.663, 2912.417, 3303.207, 3161.824, 3445.337, 3322.828, 3305.528, 3307.362, 3009.311, 3091.840, 3189.942, 2835.685, 3641.035, 3197.817, 2951.179, 3038.891, 3164.072, 3223.456, 3592.028, 3050.519, 3014.656, 3490.866, 3285.402, 3149.954, 2933.232, 3552.307, 2917.451, 3037.537, 3459.813, 3293.591]
	

	Random Forest – One hot encoder – Llvm - $latency
	[37.473, 35.519, 31.210, 31.312, 31.198, 28.799, 30.188, 31.357, 24.224, 25.986, 29.299, 36.376, 36.544, 28.693, 69.831, 29.203, 35.643, 26.241, 31.248, 31.031, 35.283, 25.304, 28.880, 33.914, 37.624, 33.047, 34.752, 49.992, 26.132, 30.630, 22.083, 29.221, 36.163, 35.539, 29.466, 26.833, 32.994, 29.491, 29.380, 25.389, 34.701, 42.573, 27.648, 27.818, 34.837, 31.985, 28.861, 38.768, 33.098, 37.615]
	

	knn – One hot encoder – Llvm - $latency
	[70.605, 82.655, 87.178, 84.137, 80.332, 84.087, 79.276, 83.931, 74.627, 81.957, 87.664, 76.259, 86.197, 79.534, 81.955, 75.700, 89.205, 75.983, 85.517, 86.113, 74.388, 81.039, 94.329, 75.886, 88.682, 80.918, 78.445, 73.372, 80.999, 89.220, 80.521, 90.970, 79.752, 85.509, 76.544, 90.936, 76.378, 87.513, 73.493, 90.288, 79.461, 91.258, 80.992, 77.353, 93.104, 69.145, 82.007, 76.801, 72.832, 87.368]
	

	SVR – One hot encoder – Llvm - $latency
	

	Decision Tree – One hot encoder – Llvm - $latency
	[38.630, 31.244, 30.939, 29.568, 25.345, 29.006, 23.599, 26.217, 25.200, 21.214, 28.166, 35.161, 27.680, 30.835, 66.593, 29.237, 34.011, 25.352, 27.988, 27.387, 35.584, 22.203, 24.967, 27.337, 30.330, 36.567, 30.641, 45.225, 25.031, 29.393, 19.834, 28.418, 36.321, 24.110, 32.084, 27.898, 29.922, 30.016, 39.300, 26.326, 30.531, 43.887, 30.569, 28.532, 30.171, 29.877, 30.976, 24.424, 29.027, 43.394]
	

	Linear Regression – One hot encoder – Llvm - $latency
	[35.124, 40.331, 42.807, 27.018, 35.780, 45.542, 34.098, 40.437, 30.509, 35.244, 34.873, 35.007, 43.551, 33.810, 51.966, 32.603, 36.912, 30.387, 36.602, 42.881, 40.404, 37.044, 35.478, 45.012, 40.465, 30.556, 34.384, 45.267, 32.272, 38.855, 31.963, 31.985, 47.263, 35.805, 39.834, 38.158, 31.270, 43.911, 34.206, 39.679, 41.675, 48.014, 28.802, 36.581, 42.927, 40.776, 36.040, 32.777, 41.079, 31.512]
	

	Kernel Ridge – One hot encoder – Llvm - $latency
	[56.346, 52.571, 53.483, 48.313, 48.213, 54.325, 48.304, 57.162, 48.894, 54.740, 52.555, 50.366, 50.585, 49.258, 57.737, 48.703, 49.480, 45.865, 55.096, 51.857, 49.506, 49.819, 53.880, 47.651, 55.658, 49.368, 46.190, 50.490, 51.671, 53.568, 49.192, 54.327, 48.727, 50.122, 49.814, 57.931, 50.835, 54.090, 56.567, 51.803, 50.892, 57.729, 50.197, 50.288, 58.451, 47.331, 49.239, 48.461, 49.346, 50.082]
	

	Random Forest – Label encoder – Llvm - $throughput
	[2707.864, 1807.711, 2227.037, 1579.803, 2244.529, 2719.455, 1940.872, 2940.687, 1913.651, 2008.466, 1965.020, 1639.566, 2146.588, 2120.881, 2198.053, 2063.924, 2747.474, 2025.047, 1793.986, 2120.609, 2262.749, 1878.417, 2005.651, 2173.641, 2412.872, 2685.847, 2610.498, 2109.085, 2021.688, 2095.735, 2259.742, 1728.270, 2607.227, 2143.098, 1811.137, 2142.080, 2167.716, 2116.297, 2504.208, 2328.564, 2087.977, 2315.999, 2294.504, 1954.246, 1870.113, 2688.452, 1807.318, 1596.936, 2373.180, 2178.935]
	

	knn – Label encoder – Llvm - $throughput
	[2229.592, 1726.115, 2147.544, 1562.448, 2046.782, 2127.143, 1977.834, 2481.061, 1887.981, 1967.569, 2002.055, 1392.628, 2020.318, 2105.428, 2126.649, 1753.170, 2447.808, 2048.140, 1832.514, 1948.412, 1984.192, 1731.489, 1915.710, 2032.867, 2290.914, 2560.732, 2057.768, 1977.972, 1835.095, 1849.180, 2103.903, 1605.047, 2426.834, 2090.483, 1694.195, 1885.683, 1929.367, 1802.503, 2147.871, 2223.283, 1756.600, 2414.213, 2220.467, 1854.809, 1899.669, 2089.528, 1953.184, 1455.987, 2103.730, 2158.394]
	

	SVR – Label encoder – Llvm - $ throughput
	[1879.586, 1773.068, 2252.138, 1532.495, 2283.803, 2224.658, 1902.904, 2483.132, 1788.242, 1727.027, 1779.152, 1610.661, 1913.853, 2140.506, 1934.725, 1743.857, 2649.569, 2131.116, 1722.020, 1712.029, 2360.367, 1786.933, 1900.290, 1969.248, 2406.436, 2477.340, 1969.884, 2002.823, 1964.100, 1764.330, 2248.747, 1357.741, 2753.145, 1975.693, 1691.925, 1882.381, 1933.178, 1827.157, 2239.666, 2383.680, 1970.878, 2614.224, 2233.704, 1799.549, 1708.503, 2240.094, 1806.217, 1518.978, 2045.333, 1957.135]
	

	Decision Tree – Label encoder – Llvm - $ throughput
	[2048.852, 1898.715, 2085.646, 1529.694, 1857.962, 2154.096, 2014.113, 3031.819, 1900.180, 1921.817, 1857.025, 1389.121, 2163.559, 1928.458, 2303.582, 1857.220, 2402.317, 2253.766, 1868.635, 1712.955, 2234.547, 1558.467, 1955.474, 2837.457, 2452.582, 2710.031, 2265.296, 1860.320, 1593.193, 1901.517, 2462.572, 1593.228, 3013.910, 2337.428, 1966.522, 2046.317, 2115.324, 2036.644, 1852.666, 1988.248, 1894.344, 2763.451, 2371.497, 2300.748, 2251.304, 2691.067, 1893.787, 1385.913, 1831.437, 2318.724]
	

	Linear Regression – Label encoder – Llvm - $ throughput
	[2232.947, 1893.220, 2549.199, 1696.781, 2339.071, 2581.521, 2163.983, 3163.532, 2044.420, 2238.369, 2155.622, 1656.470, 2375.474, 2438.489, 1964.291, 2286.038, 2660.917, 2236.770, 1909.288, 2321.768, 2257.962, 1905.904, 2399.937, 2256.715, 2798.314, 2629.551, 2512.294, 2516.002, 2034.734, 2235.162, 2329.139, 1701.682, 3070.442, 2285.219, 2222.724, 2304.473, 2258.134, 2542.568, 2383.537, 2277.932, 2031.174, 2809.775, 2559.137, 1992.462, 2078.099, 2876.612, 1790.193, 1711.254, 2543.064, 2593.716]
	

	Kernel Ridge – Label encoder – Llvm - $ throughput
	[4028.425, 3507.532, 4058.196, 3582.829, 3714.949, 4342.133, 3977.188, 4398.293, 4148.815, 4054.520, 3879.396, 3347.608, 3720.274, 4047.848, 4010.779, 3594.256, 4553.674, 3868.969, 3545.102, 4051.846, 4079.522, 3531.518, 3844.954, 3814.490, 4458.655, 4037.849, 4226.778, 3872.947, 3831.993, 4085.111, 3965.926, 3444.559, 4180.843, 3841.425, 3681.660, 3894.322, 3949.519, 4468.376, 4088.145, 4073.160, 3441.855, 4217.933, 4531.634, 3665.174, 3074.342, 4209.205, 4059.066, 3853.653, 4192.558, 4073.797]
	

	Random Forest – Label encoder – Llvm - $latency
	[36.084, 30.638, 31.334, 27.740, 24.311, 28.706, 28.213, 26.471, 21.170, 22.802, 22.954, 31.250, 29.780, 24.619, 67.123, 28.908, 31.565, 28.397, 30.913, 26.642, 37.060, 31.299, 28.200, 35.756, 26.922, 31.858, 32.065, 41.971, 26.010, 32.921, 24.724, 25.388, 39.842, 29.383, 25.467, 28.965, 30.418, 28.619, 28.373, 37.076, 40.104, 40.331, 32.698, 23.415, 31.672, 29.490, 24.647, 25.024, 34.479, 35.026]
	

	knn – Label encoder – Llvm - $latency
	[58.616, 75.643, 77.230, 76.175, 66.631, 81.617, 66.865, 75.035, 75.575, 78.672, 72.540, 72.009, 80.227, 71.068, 79.654, 65.081, 77.160, 65.789, 78.938, 79.299, 70.546, 78.466, 81.668, 78.540, 81.700, 72.083, 71.418, 64.814, 74.502, 78.339, 72.627, 80.925, 70.050, 79.724, 71.503, 82.060, 72.323, 75.966, 68.443, 78.769, 68.293, 78.720, 74.307, 74.424, 84.749, 71.090, 74.826, 70.735, 70.974, 80.161]
	

	SVR – Label encoder – Llvm - $latency
	

	Decision Tree – Label encoder – Llvm - $latency
	[49.831, 27.983, 53.845, 22.231, 24.309, 38.258, 23.618, 22.642, 19.594, 25.225, 25.920, 33.142, 28.265, 29.774, 66.919, 38.698, 29.844, 23.282, 28.953, 32.915, 34.693, 43.893, 28.415, 28.551, 44.272, 26.429, 31.108, 39.153, 20.840, 45.427, 19.213, 38.662, 44.847, 27.438, 29.467, 25.657, 22.639, 31.831, 42.079, 26.175, 33.534, 41.053, 32.898, 21.333, 24.146, 29.814, 31.025, 21.974, 46.001, 31.438]
	

	Linear Regression – Label encoder – Llvm - $latency
	[30.743, 35.559, 36.367, 28.437, 31.158, 41.364, 31.590, 37.367, 35.812, 36.701, 34.654, 30.967, 38.442, 31.937, 35.786, 32.139, 35.915, 29.550, 36.359, 36.787, 32.487, 34.803, 35.400, 40.351, 41.254, 29.970, 31.721, 37.801, 32.777, 36.911, 32.336, 36.077, 37.403, 32.048, 35.459, 41.280, 30.017, 39.851, 28.151, 35.365, 36.656, 48.154, 31.563, 31.380, 40.086, 39.206, 31.145, 31.833, 36.236, 30.064]
	

	Kernel Ridge – Label encoder – Llvm - $latency
	[57.086, 67.895, 56.215, 56.142, 47.571, 58.285, 59.698, 73.296, 68.162, 65.125, 63.298, 54.817, 65.473, 62.463, 57.318, 56.190, 65.192, 57.097, 61.681, 63.463, 58.077, 56.555, 66.367, 64.147, 72.677, 59.191, 53.637, 54.761, 57.156, 70.608, 60.041, 61.740, 64.033, 59.046, 60.763, 62.288, 61.145, 66.021, 49.278, 60.701, 64.420, 73.581, 62.678, 54.604, 66.768, 65.785, 60.715, 56.499, 61.183, 51.941]
	

	Random Forest – One hot encoder – Wc-c1-3d - $throughput
	[3413.208, 5073.140, 4718.824, 4269.566, 5964.234, 5130.887, 5108.512, 5677.471, 5938.176, 5532.849, 5061.387, 5231.260, 4951.075, 4326.719, 5232.318, 4718.249, 5359.014, 4537.274, 4816.934, 5897.826, 5112.222, 5097.686, 4725.945, 4829.935, 4638.671, 4876.185, 5229.487, 5990.231, 4853.707, 5205.070, 4588.222, 5391.640, 5282.493, 4795.534, 4953.880, 4699.220, 5324.604, 5543.023, 4855.363, 5460.737, 4324.883, 5922.404, 5000.992, 5493.135, 5339.080, 4394.777, 4667.432, 5405.403, 5228.150, 5011.079]
	

	knn – One hot encoder – Wc-c1-3d - $throughput
	[3544.986, 5167.789, 5265.988, 4849.699, 5994.758, 5836.459, 5585.419, 6079.742, 6332.464, 5750.590, 5450.783, 5589.445, 5436.990, 4627.847, 5604.095, 5171.210, 6012.314, 5305.841, 5214.046, 6190.747, 5702.690, 5503.188, 5698.932, 5350.865, 5135.941, 5123.535, 5811.191, 6289.712, 5523.921, 5770.423, 4799.391, 5811.307, 5801.017, 5051.359, 5334.684, 4999.796, 5471.447, 6046.214, 5186.669, 6006.483, 4830.344, 6019.322, 5682.435, 5724.920, 5597.254, 5022.468, 5017.055, 5712.731, 5916.509, 5456.837]
	

	SVR – One hot encoder – Wc-c1-3d - $ throughput
	[3941.466, 5335.084, 5311.695, 5143.543, 6239.074, 5573.240, 5546.531, 6192.578, 6140.159, 6133.798, 5640.002, 5514.362, 5700.896, 4861.270, 5534.322, 4989.066, 6128.532, 5524.000, 5282.874, 6348.799, 5763.076, 5712.970, 5391.871, 5356.500, 4961.180, 5309.082, 5750.058, 6145.491, 5495.381, 6030.320, 5021.315, 5725.786, 5828.052, 5141.171, 5235.291, 5292.409, 5932.610, 6391.399, 5304.498, 5906.357, 5071.275, 6406.586, 5238.149, 5823.799, 5539.430, 4904.324, 5072.153, 5840.762, 5960.821, 5518.690]
	

	Decision Tree – One hot encoder – Wc-c1-3d - $ throughput
	[3457.941, 5133.538, 4591.245, 4253.264, 5758.763, 5201.470, 4866.237, 5666.115, 5865.630, 5389.250, 4860.291, 5271.519, 5018.138, 4184.821, 5300.265, 4785.174, 5234.002, 4495.188, 4559.968, 5928.216, 5161.392, 4936.622, 4633.185, 4522.412, 4443.693, 4804.412, 5303.886, 5944.037, 4915.491, 5227.582, 4665.210, 5356.661, 4942.278, 4614.031, 4792.143, 4746.315, 5401.145, 5562.760, 4931.655, 5586.858, 4272.991, 5854.295, 5001.340, 5447.892, 5400.207, 4407.673, 4501.633, 5433.308, 5188.028, 4809.996]
	

	Linear Regression – One hot encoder – Wc-c1-3d - $throughput
	[3376.277, 5226.245, 4567.903, 4350.104, 5980.001, 5301.768, 5222.418, 6029.723, 6101.694, 5785.845, 5067.021, 5455.847, 5213.085, 4303.324, 5431.377, 4736.331, 5636.681, 4766.197, 4883.354, 6463.561, 5318.824, 5287.749, 4753.171, 4790.468, 4715.477, 4895.217, 5477.694, 6315.011, 5192.666, 5490.515, 4749.779, 5528.700, 5170.483, 4841.499, 5114.012, 4620.391, 5482.391, 5893.486, 5171.593, 5735.668, 4348.233, 6145.764, 5047.085, 5568.175, 5442.719, 4434.127, 4634.891, 5677.545, 5440.538, 4980.817]
	

	Kernel Ridge – One hot encoder – Wc-c1-3d - $ throughput
	[5442.575, 5913.682, 5919.461, 5352.894, 5932.579, 5773.941, 5944.891, 6111.075, 6677.160, 5813.501, 5529.662, 6112.981, 5955.706, 6213.636, 6628.347, 6231.448, 6163.931, 5665.466, 5420.688, 6714.319, 5850.464, 6123.517, 5588.641, 5804.679, 6366.388, 5726.659, 5813.723, 6827.223, 6351.827, 6247.739, 6155.641, 6402.801, 5991.761, 5838.935, 6261.794, 5445.988, 5885.184, 6067.891, 6078.480, 6204.804, 5108.322, 6186.624, 5829.036, 6368.853, 5919.772, 5772.798, 5857.054, 6105.179, 5657.473, 5407.016]
	

	Random Forest – One hot encoder – Wc-c1-3d - $latency
	[844.698, 1196.058, 1417.886, 1258.632, 1566.429, 1015.552, 1165.232, 1357.435, 1384.378, 1325.311, 1240.550, 844.899, 1265.899, 545.057, 1233.566, 1147.149, 1221.669, 1813.225, 1351.583, 1570.370, 1467.076, 1054.324, 1659.778, 446.732, 1008.412, 1130.924, 1145.458, 1311.849, 1521.732, 1484.342, 681.854, 1382.924, 1316.438, 825.571, 734.207, 1066.034, 1741.861, 1620.840, 1367.349, 1442.869, 1192.181, 1724.501, 933.742, 1052.969, 1247.126, 1364.326, 459.407, 1442.409, 1613.834, 1178.577]
	

	knn – One hot encoder – Wc-c1-3d - $latency
	[837.010, 1225.643, 1445.164, 1284.869, 1663.856, 1076.270, 1237.856, 1421.562, 1509.588, 1344.003, 1269.442, 856.253, 1325.375, 549.511, 1267.566, 1221.240, 1306.197, 1918.544, 1450.626, 1665.437, 1574.597, 1146.824, 1743.815, 446.678, 1039.250, 1241.643, 1202.834, 1397.175, 1662.556, 1598.494, 681.418, 1454.444, 1420.394, 847.608, 753.663, 1134.364, 1827.331, 1686.533, 1398.276, 1526.329, 1220.502, 1828.659, 1021.412, 1086.262, 1313.173, 1418.567, 482.009, 1521.302, 1715.751, 1237.934]
	

	SVR – One hot encoder – Wc-c1-3d - $latency
	

	Decision Tree – One hot encoder – Wc-c1-3d - $latency
	[845.523, 1196.624, 1414.531, 1260.554, 1569.225, 1015.361, 1165.284, 1357.972, 1384.155, 1327.676, 1240.081, 846.666, 1266.050, 544.890, 1233.260, 1144.290, 1221.097, 1813.559, 1352.110, 1569.753, 1465.709, 1053.475, 1658.376, 446.275, 1008.480, 1129.580, 1145.373, 1310.670, 1521.447, 1483.100, 681.281, 1382.574, 1317.237, 826.087, 735.025, 1065.314, 1741.267, 1620.623, 1365.834, 1439.761, 1192.067, 1725.054, 933.637, 1052.324, 1248.391, 1364.148, 459.839, 1442.528, 1613.666, 1178.697]
	

	Linear Regression – One hot encoder – Wc-c1-3d - $latency
	[854.404, 1223.897, 1449.302, 1282.471, 1614.455, 1035.846, 1192.690, 1392.582, 1439.041, 1364.228, 1266.262, 865.749, 1294.650, 553.591, 1268.326, 1192.596, 1257.507, 1870.239, 1374.661, 1630.198, 1501.751, 1077.103, 1707.621, 453.286, 1025.478, 1160.692, 1173.409, 1354.535, 1571.999, 1526.140, 689.065, 1428.356, 1350.541, 835.610, 749.056, 1084.826, 1801.592, 1678.530, 1401.060, 1500.008, 1214.737, 1784.546, 951.014, 1078.264, 1282.048, 1393.091, 465.460, 1481.794, 1664.322, 1197.192]
	

	Kernel Ridge – One hot encoder – Wc-c1-3d - $latency
	[869.719, 1238.046, 1469.472, 1297.142, 1619.372, 1053.086, 1213.320, 1408.639, 1428.292, 1371.822, 1281.308, 877.340, 1308.217, 612.232, 1284.269, 1218.219, 1265.236, 1874.243, 1400.945, 1632.600, 1513.020, 1112.065, 1717.997, 477.418, 1091.103, 1172.518, 1186.319, 1358.213, 1570.470, 1534.053, 708.866, 1428.479, 1359.458, 857.063, 763.063, 1101.659, 1796.843, 1672.927, 1421.560, 1491.737, 1233.290, 1787.076, 964.747, 1101.705, 1291.223, 1403.682, 507.161, 1493.207, 1672.385, 1221.193]
	

	Random Forest – Label encoder – Wc-c1-3d - $throughput
	[3355.653, 5068.131, 4605.628, 4281.808, 5850.147, 5239.476, 5077.173, 5676.870, 5753.871, 5470.481, 5173.941, 5322.059, 5041.925, 4204.685, 5199.946, 4799.200, 5401.282, 4600.138, 4673.811, 5986.925, 5114.710, 5055.354, 4660.473, 4676.786, 4707.845, 4854.959, 5449.652, 6063.797, 4819.342, 5269.646, 4693.965, 5533.954, 4992.654, 4622.729, 4822.304, 4678.757, 5350.615, 5650.026, 5065.721, 5569.888, 4556.022, 6010.801, 4936.145, 5248.488, 5368.300, 4461.668, 4634.065, 5349.780, 5232.959, 4785.539]
	

	knn – Label encoder – Wc-c1-3d - $throughput
	[3710.165, 5462.395, 5036.576, 4594.051, 6649.017, 5576.512, 5523.452, 6389.316, 6365.000, 6364.289, 5703.256, 5410.141, 5562.980, 4625.095, 5155.185, 4937.777, 5843.130, 4942.754, 5197.069, 7283.117, 5661.646, 5595.791, 4971.777, 5267.102, 5655.687, 5060.268, 5827.775, 6492.351, 5146.939, 5717.136, 4792.267, 5755.641, 5371.887, 4845.485, 5680.935, 4987.326, 6001.974, 6590.257, 5723.907, 5884.778, 4605.867, 6802.491, 5213.635, 5813.871, 5912.511, 4745.132, 4958.912, 5836.780, 5910.848, 5512.502]
	

	SVR – Label encoder – Wc-c1-3d - $ throughput
	

	Decision Tree – Label encoder – Wc-c1-3d - $ throughput
	[3419.145, 5462.634, 4564.771, 4335.808, 6188.851, 5318.658, 5093.534, 5577.570, 5755.285, 5360.099, 5087.361, 5443.207, 5047.860, 4353.429, 5277.897, 4919.312, 5546.839, 4711.543, 4675.527, 6012.919, 5248.082, 5196.680, 4750.536, 4705.268, 4976.311, 4920.529, 5465.711, 6299.619, 4777.584, 5448.238, 4743.499, 5728.962, 5189.592, 4697.217, 4939.094, 4508.165, 5578.723, 5978.238, 5026.894, 5652.437, 4386.877, 6124.670, 5013.317, 5557.437, 5416.560, 4550.378, 4687.684, 5425.977, 5195.680, 5160.892]
	

	Linear Regression – Label encoder – Wc-c1-3d - $ throughput
	[4094.058, 6438.353, 5807.125, 5695.772, 8058.626, 6435.049, 6339.986, 7548.883, 7036.855, 7275.891, 6968.954, 6721.331, 6350.727, 5341.777, 6098.741, 6452.565, 6922.632, 6343.563, 5948.358, 8098.281, 6795.917, 6478.282, 6270.399, 6089.514, 5787.574, 5959.730, 6901.337, 7658.035, 6568.211, 6740.735, 5752.217, 6673.818, 6569.478, 5901.613, 6088.161, 5952.821, 7092.412, 7460.631, 6455.052, 7029.378, 5487.890, 8108.915, 6013.618, 6628.161, 7060.546, 5697.993, 5907.319, 7021.491, 6785.843, 6232.260]
	

	Kernel Ridge – Label encoder – Wc-c1-3d - $ throughput
	[6242.656, 7970.846, 7054.820, 7171.129, 9427.598, 8492.616, 8055.248, 9331.351, 8824.049, 8900.211, 8345.377, 8341.962, 8048.139, 7001.422, 8465.355, 8183.457, 8425.816, 7728.020, 7802.119, 9797.595, 8010.896, 8141.642, 7466.040, 7665.057, 7906.684, 8037.343, 8803.526, 9923.937, 8328.376, 8160.929, 8308.455, 8285.159, 7682.603, 8056.895, 8516.570, 7441.547, 8706.310, 8561.856, 7934.881, 9002.124, 7022.469, 8962.113, 8146.992, 8535.327, 8770.811, 7660.157, 8032.662, 8770.292, 8426.486, 8022.237]
	

	Random Forest – Label encoder – Wc-c1-3d - $latency		
	[846.799, 1197.551, 1417.143, 1257.819, 1568.488, 1016.756, 1166.301, 1359.665, 1384.672, 1323.729, 1241.626, 845.369, 1266.185, 544.922, 1233.680, 1148.097, 1222.861, 1813.957, 1352.810, 1572.201, 1466.682, 1055.453, 1659.874, 448.247, 1012.762, 1131.167, 1147.176, 1313.483, 1521.237, 1485.198, 682.606, 1384.340, 1315.380, 825.674, 734.041, 1066.983, 1744.242, 1623.174, 1370.531, 1444.934, 1191.413, 1727.730, 934.521, 1051.937, 1247.922, 1364.692, 461.263, 1443.161, 1615.349, 1177.331]
	

	knn – Label encoder – Wc-c1-3d - $latency
	[848.169, 1211.366, 1423.606, 1267.137, 1577.156, 1015.419, 1175.939, 1441.788, 1445.337, 1361.512, 1249.617, 870.609, 1264.110, 549.787, 1233.192, 1171.964, 1240.175, 1838.096, 1362.010, 1731.372, 1508.772, 1061.412, 1664.639, 455.333, 1021.282, 1142.512, 1171.618, 1323.288, 1561.618, 1487.502, 682.755, 1386.172, 1326.238, 828.733, 801.840, 1070.476, 1763.400, 1654.450, 1375.271, 1462.188, 1192.799, 1756.800, 1041.642, 1055.893, 1254.142, 1365.055, 463.670, 1499.742, 1717.864, 1180.602]
	

	SVR – Label encoder – Wc-c1-3d - $latency
	

	Decision Tree – Label encoder – Wc-c1-3d - $latency
	[846.921, 1197.249, 1416.937, 1259.685, 1571.973, 1015.775, 1167.915, 1361.531, 1384.233, 1322.808, 1243.272, 847.002, 1266.161, 544.030, 1233.955, 1145.775, 1222.448, 1813.898, 1352.778, 1571.805, 1467.026, 1055.294, 1660.418, 447.557, 1011.369, 1131.306, 1146.966, 1311.169, 1522.393, 1487.095, 685.621, 1383.484, 1315.046, 825.098, 733.916, 1066.800, 1745.676, 1623.227, 1370.756, 1446.924, 1191.951, 1727.879, 932.912, 1050.670, 1247.764, 1364.330, 462.274, 1443.524, 1616.019, 1181.938]
	

	Linear Regression – Label encoder – Wc-c1-3d - $latency
	[897.903, 1336.527, 1591.746, 1390.955, 1825.015, 1113.384, 1284.947, 1583.230, 1573.311, 1507.536, 1392.322, 946.241, 1418.507, 587.258, 1384.137, 1304.382, 1357.651, 2087.644, 1497.516, 1836.837, 1665.953, 1168.921, 1886.316, 494.316, 1096.375, 1290.969, 1290.431, 1489.710, 1763.695, 1685.104, 734.396, 1558.444, 1482.242, 905.827, 810.648, 1169.839, 1999.085, 1848.221, 1539.020, 1675.649, 1337.379, 1989.849, 1030.476, 1182.101, 1425.815, 1545.599, 513.134, 1619.595, 1880.213, 1300.860]
	

	Kernel Ridge – Label encoder – Wc-c1-3d - $latency
	[881.483, 1322.319, 1556.965, 1339.708, 1747.967, 1094.333, 1245.322, 1510.363, 1524.421, 1475.499, 1372.060, 905.124, 1365.847, 586.430, 1315.017, 1281.956, 1336.953, 2023.108, 1465.777, 1790.093, 1619.813, 1148.671, 1862.126, 495.083, 1060.156, 1247.131, 1250.125, 1402.967, 1707.765, 1637.537, 726.402, 1500.858, 1448.896, 887.129, 782.227, 1142.483, 1930.517, 1831.184, 1505.116, 1605.467, 1311.884, 1946.368, 1003.786, 1135.262, 1380.505, 1499.691, 481.996, 1571.524, 1823.931, 1276.117]


