>>> sort-256 $b RF Label
71.439
64.715
76.784
51.042
68.989
58.359
76.646
58.792
68.920
59.955
68.292
69.937
71.981
76.768
72.804
72.910
73.960
74.007
73.348
73.305
78.255
75.765
72.929
73.313
72.465
75.885
73.350
72.029
73.638
73.055
73.817
72.804
73.385
73.112
77.743
72.975
71.906
73.061
72.435
69.923
73.127
77.345
68.342
72.345
78.324
79.592
71.235
72.563
75.353
71.784
 
>>> SS-B $b Knn Label
3.0806
2.853
3.375
3.160
2.829
2.643
2.652
2.773
3.168
2.944
2.547
2.707
2.682
2.895
2.680
2.579
2.535
2.724
2.816
2.568
2.649
2.824
2.952
2.594
2.805
2.839
2.618
2.561
2.507
2.478
2.698
2.634
2.658
2.833
2.723
2.783
2.629
2.553
2.941
2.782
2.550
2.648
2.678
2.872
2.557
2.661
2.901
3.047
2.967
2.716


>>> sort-256 $b DT Label
0.651
0.522
0.637
0.633
0.525
0.541
0.577
0.849
0.769
0.614
0.831
0.604
0.745
0.898
0.775
0.654
0.781
0.714
0.737
0.847
0.728
0.745
0.528
0.598
0.515
0.517
0.517
0.639
0.500
0.616
0.865
0.523
0.529
0.532
0.488
0.596
0.536
0.495
0.646
0.515
0.500
0.516
0.484
0.539
0.513
0.579
0.521
0.641
0.576
0.612

>>>sort-256 $b LR Label
0.256
0.167
0.200
0.181
0.103
0.218
0.225
0.260
0.208
0.218
0.189
0.218
0.183
0.217
0.192
0.212
0.199
0.175
0.172
0.186
0.173
0.227
0.183
0.215
0.194
0.259
0.211
0.189
0.282
0.184
0.232
0.185
0.217
0.166
0.208
0.194
0.218
0.167
0.183
0.181
0.178
0.223
0.163
0.181
0.220
0.181
0.226
0.199
0.218
0.183



>>> sort-256 $b KR Label
8.303
8.114
7.996
8.227
8.133
8.134
8.204
8.195
8.204
8.725
8.459
8.216
8.206
8.218
8.234
8.221
8.341
8.350
8.240
9.025
8.335
8.323
8.303
8.322
8.318
8.457
8.447
8.467
8.226
8.682
8.312
7.291
7.301
7.251
7.325
7.296
7.295
7.295
7.332
7.317
7.296
7.305
7.296
7.306
7.306
7.316
7.288
7.304
7.336
7.298



>>>  sort-256 $a RF Label
25.840
25.714
25.814
26.031
25.904
26.021
26.112
26.188
26.162
26.155
25.846
26.019
26.000
26.290
25.847
26.248
26.176
25.728
26.301
26.246
26.258
26.341
26.095
25.922
25.897
25.983
26.036
26.656
25.756
25.992
26.532
26.684
26.211
26.362
27.528
26.551
26.077
25.873
26.436
27.077
26.668
26.127
26.274
26.084
26.621
26.275
26.585
25.966
26.627
26.851

>>> sort-256 $a Knn Label
1.892
1.791
1.790
1.786
1.831
1.801
1.790
1.800
1.794
1.823
1.791
1.804
1.791
1.799
1.818
1.796
1.801
1.793
1.816
1.823
1.785
1.788
1.780
1.811
1.805
1.781
1.782
1.781
1.877
1.780
1.790
1.890
1.783
1.797
1.777
1.805
1.909
1.785
1.811
1.779
1.784
1.779
1.872
1.783
1.781
1.814
1.786
1.898
1.818
1.792

>>> sort-256 $a DT Label
0.520
0.327
0.316
0.407
0.321
0.316
0.317
0.318
0.315
0.318
0.316
0.323
0.321
0.317
0.313
0.409
0.333
0.336
0.320
0.316
0.315
0.313
0.318
0.320
0.317
0.320
0.316
0.317
0.329
0.321
0.314
0.316
0.411
0.328
0.329
0.319
0.317
0.315
0.313
0.315
0.313
0.314
0.329
0.319
0.326
0.308
0.330
0.317
0.326
0.312

>>>  sort-256 $a LR Label 
0.065
0.057
0.059
0.062
0.058
0.075
0.062
0.068
0.066
0.065
0.062
0.063
0.060
0.061
0.061
0.062
0.076
0.079
0.087
0.070
0.066
0.078
0.061
0.061
0.079
0.066
0.068
0.067
0.059
0.062
0.063
0.058
0.080
0.058
0.061
0.057
0.059
0.077
0.058
0.088
0.077
0.065
0.061
0.061
0.061
0.066
0.058
0.064
0.062
0.063


>>> sort-256 $a KR Label
7.244
7.398
7.190
7.408
7.486
7.515
7.713
7.962
8.139
8.109
8.414
7.981
8.149
8.164
8.129
8.093
8.261
8.268
8.217
8.490
8.120
8.555
8.583
8.640
8.647
8.399
8.773
8.888
8.953
8.541
8.787
8.682
8.540
8.463
7.783
8.333
8.190
9.102
9.861
9.506
9.479
9.677
9.286
9.376
9.249
9.322
9.299
9.623
9.413
10.341

>>> sort-256 $b RF OHE
38.478
38.304
41.026
43.499
44.777
43.596
44.191
43.223
43.659
43.269
45.883
40.559
41.356
36.542
43.930
44.814
41.322
81.376
70.482
72.410
69.107
67.874
56.313
53.635
54.867
52.472
54.693
56.450
59.056
59.003
55.308
61.471
74.560
72.278
70.762
72.420
72.316
68.362
68.434
74.755
67.924
68.861
70.231
70.904
72.981
67.171
54.960
62.946
58.178
55.384

>>> SS-B.csb $b KNN OHE
2.002
1.659
1.426
1.844
1.434
1.426
1.237
1.175
1.318
1.168
1.338
1.325
1.365
1.415
1.446
1.230
1.340
1.303
1.335
1.418
1.316
1.168
1.323
1.293
1.297
1.322
1.298
1.310
1.357
1.144
1.298
1.288
1.310
1.334
1.190
1.310
1.353
1.211
1.427
1.477
1.175
1.276
1.435
1.467
1.452
1.374
1.329
1.268
1.184
1.469

>>> SVR $b sort-256 OHE
7.053
6.527
6.666
6.306
6.457
6.196
6.212
6.460
6.273
6.324
6.231
6.241
6.287
6.315
6.323
6.357
6.557
6.503
6.504
6.513
6.299
6.546
6.273
6.357
6.230
6.139
6.465
6.273
13.072
6.311
6.242
6.523
6.380
6.148
6.448
6.689
6.327
6.228
6.189
6.139
6.157
6.507
6.581
6.316
6.504
6.315
6.107
6.197
5.940
0.051

>>>sort-256 DT $b OHE
1.508
1.152
1.098
1.076
1.124
1.275
1.279
1.103
1.236
0.998
1.068
0.984
1.101
0.967
1.088
0.984
1.067
1.213
1.173
1.128
1.156
1.185
1.069
1.084
0.984
1.121
1.172
1.143
1.085
1.092
1.034
1.010
1.084
1.353
1.083
1.013
0.981
0.980
1.002
1.213
1.196
1.215
1.126
1.139
1.112
1.051
1.104
0.931
1.098
1.089

>>>sort-256 $b LR OHE
0.472
0.325
0.325
0.327
0.357
0.466
0.332
0.343
0.309
0.319
0.449
0.326
0.325
0.309
0.309
0.342
0.346
0.405
0.513
0.460
0.505
0.424
0.336
0.398
0.334
0.383
0.309
0.325
0.409
0.432
0.360
0.451
0.354
0.406
0.324
0.394
0.461
0.398
0.359
0.395
0.371
0.402
0.317
0.469
0.399
0.367
0.351
0.337
0.320
0.349

>>>sort-256 $b KR OHE
37.679
39.755
39.355
31.710
12.412
12.523
12.526
12.409
13.044
13.023
12.806
12.911
12.824
12.962
12.993
13.232
13.136
13.284
13.042
13.133
13.155
13.300
13.278
13.183
13.536
13.410
13.656
13.517
13.642
13.648
13.511
13.549
13.647
13.552
13.647
13.671
13.775
13.638
13.811
13.765
13.670
13.688
13.767
13.636
13.668
13.769
13.681
13.887
14.145
13.777

>>>sort-256 $a RF OHE
37.190
38.205
37.954
37.536
38.445
38.066
38.708
38.107
46.450
44.128
43.335
42.722
41.389
38.943
38.793
43.806
38.954
38.886
38.672
39.152
38.494
38.353
38.419
38.464
42.358
44.858
44.911
44.806
42.988
51.851
45.752
40.802
40.805
39.227
39.201
39.684
39.582
39.293
39.902
39.107
38.874
39.799
39.302
40.598
39.400
39.234
39.250
38.835
39.163
39.825

>>>sort-256 knn $a OHE
0.886
0.922
0.806
0.814
0.810
0.803
0.803
0.803
0.807
0.806
0.805
0.807
0.815
0.821
0.814
0.893
0.810
0.806
0.921
0.816
0.805
0.801
0.804
0.803
0.825
0.802
0.813
0.809
0.805
0.818
0.815
0.816
0.807
0.816
0.820
0.809
0.808
0.821
0.803
0.819
0.798
0.802
0.805
0.796
0.802
0.807
0.839
0.828
0.802
0.800

>>>sort-256 SVR $a OHE
4.810
4.766
4.534
4.604
4.839
4.589
4.747
4.629
4.760
4.551
4.531
4.501
4.634
4.762
4.741
4.748
4.721
4.630
4.880
4.815
4.707
4.684
4.636
4.742
4.771
4.762
4.749
4.607
4.623
4.869
4.587
4.745
9.457
4.754
4.875
4.733
4.637
4.725
4.662
4.863
4.767
4.610
4.866
4.607
4.735
5.223
5.651
5.042
5.113
0.021

>>>sort-256 $a DT OHE 
2.029
1.528
1.459
1.418
1.775
1.310
1.305
1.501
1.266
1.208
1.262
1.100
1.123
1.293
1.321
1.335
1.227
1.308
1.106
1.065
1.182
1.203
1.302
1.082
1.339
1.164
1.255
1.276
1.204
1.304
1.199
1.315
1.264
1.567
1.400
1.505
1.177
1.202
1.405
1.398
1.551
1.208
1.343
1.403
1.369
1.492
1.375
1.341
1.510
1.462

>>>sort-256 $a LR OHE
0.374
0.323
0.566
0.519
0.330
0.330
0.343
0.518
0.383
0.346
0.558
0.405
0.325
0.341
0.352
0.504
0.617
0.856
0.459
0.429
0.375
0.491
0.317
0.330
0.831
0.632
2.034
0.484
0.316
0.633
1.848
1.247
0.768
1.718
0.340
0.523
0.549
0.331
2.255
0.438
0.349
0.570
0.482
0.337
0.317
0.456
0.661
2.691
0.426
3.371

>>> sort-256 $a KR OHE
38.758
43.472
36.255
39.572
41.884
38.245
38.289
39.318
43.455
39.156
40.108
38.962
37.245
36.058
35.321
38.596
39.947
39.485
40.186
38.433
36.025
35.909
36.661
36.238
36.619
43.643
37.405
36.191
40.320
38.476
38.905
37.007
39.828
39.038
39.431
40.031
39.639
39.246
38.873
39.506
36.510
37.955
38.514
38.888
38.915
39.088
35.434
36.698
38.535
39.966

>>> wc-3c-3d $throughput RF Label
231.584
221.697
139.871
230.088
245.538
227.606
229.391
244.818
159.903
105.630
103.102
104.320
106.577
99.710
107.786
107.104
109.605
106.753
94.523
103.363
108.028
107.858
107.010
103.683
105.181
106.728
104.939
100.410
95.220
94.053
93.394
102.904
105.734
105.633
106.852
111.776
118.364
105.401
102.581
100.458
105.831
104.319
105.708
113.832
109.295
105.585
105.366
103.862
101.788
103.995

>>>wc-3c-3d Knn $throughput Label 
1.547
1.463
1.435
1.490
1.450
1.469
1.427
1.388
1.414
1.385
1.395
1.405
1.437
1.433
1.450
1.444
1.417
1.420
1.425
1.469
1.469
1.403
1.410
1.422
1.403
1.396
1.397
1.400
1.372
1.415
1.418
1.392
1.396
1.433
1.377
1.419
1.449
1.444
1.542
1.463
1.412
1.392
1.417
1.776
1.467
1.439
1.415
1.408
1.421
1.396

>>>wc-3c-3d  DT $throughput Label
1.494
1.415
1.407
1.454
1.422
1.420
1.402
1.435
1.470
1.629
1.435
1.442
1.400
1.420
1.372
1.376
2.212
2.203
2.201
1.980
1.976
2.073
1.973
1.822
2.052
1.863
2.104
2.091
1.957
2.011
1.957
1.913
2.184
2.170
2.202
1.977
1.947
2.023
1.980
2.044
2.256
2.122
1.946
2.019
2.028
2.184
2.159
2.561
2.148
2.134

>>>wc-3c-3d LR $throughput Label
0.168
0.067
0.167
0.131
0.118
0.068
0.184
0.082
0.151
0.084
0.167
0.082
0.134
0.134
0.138
0.112
0.134
0.101
0.118
0.181
0.072
0.183
0.080
0.166
0.082
0.216
0.103
0.202
0.248
0.167
0.085
0.169
0.098
0.154
0.099
0.163
0.152
0.068
0.167
0.120
0.113
0.134
0.082
0.167
0.079
0.239
0.119
0.121
0.076
0.199

>>>wc-3c-3d KR $throughput Label
185.499
426.574
306.951
323.959
341.828
360.980
340.834
307.317
345.766
297.045
299.968
331.663
327.153
324.872
331.089
319.010
222.658
218.575
179.410
180.050
181.233
175.250
172.879
175.771
182.772
174.619
172.634
172.433
177.882
173.955
179.624
176.805
177.995
173.475
171.781
173.166
180.230
182.278
182.008
182.381
185.165
185.417
181.655
182.230
181.693
180.169
174.995
184.904
178.737
175.862

>>>wc-3c-3d $latency RF Label
113.975
112.040
112.847
110.118
105.771
118.681
114.965
110.441
109.582
107.562
109.355
115.126
110.920
112.117
120.758
112.223
112.354
115.141
111.184
112.774
105.866
104.355
105.643
103.995
104.723
111.813
114.534
111.524
113.505
135.958
269.957
272.419
269.030
274.540
268.217
267.216
267.545
263.717
266.981
270.098
275.213
266.505
256.620
110.134
110.715
112.248
113.226
114.381
111.862
112.066

>>>wc-3c-3d KNN $latency Label
2.246
2.266
2.328
2.034
2.019
2.163
2.227
2.274
2.534
2.454
2.331
2.345
2.425
2.143
2.259
2.213
2.351
2.409
2.046
2.334
2.114
2.111
2.335
2.448
2.462
2.219
2.191
2.292
1.946
2.013
2.195
2.225
2.351
2.117
2.383
2.101
2.390
2.212
2.398
2.454
2.162
2.308
2.183
2.433
2.303
2.067
1.976
2.520
2.482
2.279

>>>wc-3c-3d $latency DT Label
2.964
3.516
4.011
6.081
6.415
5.787
4.494
4.282
4.223
4.281
4.465
3.363
3.055
2.700
2.762
2.592
2.517
2.537
2.723
2.871
2.936
2.784
2.901
2.974
2.667
2.592
2.648
2.670
2.562
2.499
2.312
2.614
2.662
2.707
2.829
2.547
2.917
2.808
2.706
2.924
2.950
2.911
2.902
2.792
2.555
2.717
2.631
2.621
2.585
2.626

>>>wc-3c-3d $latency KR Label
44.330
46.415
44.176
43.143
42.866
81.470
84.520
88.864
85.417
88.989
87.900
89.998
83.751
85.661
85.060
83.366
77.547
81.146
74.100
79.898
76.588
80.200
82.805
79.103
78.040
77.856
82.274
84.987
87.150
87.489
90.328
87.889
85.624
80.727
79.298
78.838
81.518
84.517
87.379
84.423
73.247
74.128
77.090
80.664
84.681
102.683
110.837
86.643
80.153
90.169

>>>wc-3c-3d $throughput KNN OHE
3.634
3.413
3.392
3.444
3.509
3.419
3.408
3.522
3.449
3.603
3.646
3.485
3.476
3.786
3.448
3.396
3.306
3.315
3.274
3.286
3.307
3.332
3.285
3.278
3.323
3.281
3.535
3.373
3.510
3.469
3.398
3.411
3.541
3.437
3.407
3.415
3.414
3.340
3.393
3.422
3.425
3.382
3.370
3.436
3.398
3.442
3.369
3.327
3.536
3.454

>>>wc-3c-3d $throughput SVR OHE
54.922
57.055
60.499
58.118
65.067
64.825
64.482
67.994
62.675
63.036
60.198
58.612
67.042
56.510
54.880
57.482
57.555
65.022
61.359
54.815
53.617
55.119
58.022
56.361
55.329
56.909
56.903
56.984
57.551
57.182
57.118
57.352
56.894
56.834
57.646
57.156
57.163
56.802
56.736
57.122
56.528
57.233
57.024
56.826
56.960
56.870
56.839
56.800
56.881
56.896

>>>wc-3c-3d $throughput DT OHE
9.288
9.684
9.370
9.326
8.969
8.782
10.529
10.483
9.901
9.831
9.538
9.194
10.538
10.806
10.848
10.385
10.366
10.433
10.496
10.766
9.983
10.013
10.467
10.339
10.447
10.365
10.402
10.264
10.577
10.393
10.014
10.068
10.123
9.551
11.347
10.452
10.427
10.410
10.736
10.429
10.095
10.212
10.382
10.379
10.347
9.604
10.116
10.446
11.678
10.726

>>>wc-3c-3d LR $throughput OHE
0.160
0.120
0.113
0.136
0.115
0.123
0.194
0.186
0.130
0.139
0.117
0.130
0.115
0.131
0.116
0.138
0.111
0.131
0.141
0.115
0.132
0.113
0.135
0.119
0.136
0.111
0.147
0.111
0.135
0.112
0.129
0.139
0.111
0.154
0.112
0.129
0.136
0.119
0.123
0.140
0.130
0.109
0.139
0.112
0.143
0.112
0.123
0.136
0.134
0.116

>>>wc-3c-3d $throughput RF OHE
50.606
74.466
78.236
71.221
69.442
68.071
69.409
70.344
69.526
68.578
69.267
70.080
69.539
67.400
69.300
68.155
68.274
67.508
68.444
68.607
69.357
67.659
69.640
69.065
68.096
69.056
69.680
69.848
68.960
70.832
61.031
67.437
79.666
42.271
39.919
57.387
59.935
61.672
59.425
58.420
57.142
63.348
64.338
61.906
60.218
58.110
57.197
53.580
56.510
40.536

>>>wc-3c-3d KR $throughput OHE
92.681
90.226
89.039
89.826
89.328
89.480
91.615
90.806
92.436
89.797
64.025
62.014
60.518
61.909
60.792
61.867
61.199
62.264
52.542
46.237
46.379
47.422
46.461
46.628
49.746
46.432
46.626
47.711
49.216
47.373
46.469
46.860
46.343
46.700
47.301
47.282
46.749
46.867
46.604
46.947
49.403
46.795
47.474
47.396
46.645
47.597
47.010
46.766
46.588
46.781

>>>wc-3c-3d RF $latency OHE
22.958
24.751
24.059
25.815
26.779
23.585
23.501
23.303
25.387
24.022
24.381
23.739
24.035
23.203
23.171
23.379
23.907
23.251
23.189
24.541
24.898
23.404
24.276
25.096
25.585
23.914
23.474
23.196
23.285
23.953
23.108
23.205
26.372
23.185
23.077
24.972
24.470
23.453
23.147
23.255
23.405
23.664
23.149
24.053
23.694
23.560
23.294
26.632
27.644
22.975

>>>wc-3c-3d KNN $latency OHE
3.450
3.195
3.106
3.103
3.160
3.176
3.160
3.174
3.256
3.247
3.411
3.619
3.679
3.356
3.276
3.399
3.364
3.464
3.671
3.658
3.427
3.411
3.432
3.386
3.481
3.443
3.437
3.441
3.768
3.751
3.441
3.600
3.520
3.461
3.433
3.419
3.431
3.510
3.459
3.466
3.413
3.432
3.408
3.394
3.374
3.415
3.591
3.384
3.446
3.456

>>>wc-3c-3d SVR $latency OHE
60.322
58.766
56.315
56.440
56.766
56.852
56.058
56.677
60.320
60.384
69.569
64.598
63.794
61.619
59.776
59.209
59.380
64.570
66.803
66.682
61.830
61.327
63.853
62.697
62.008
62.360
63.391
62.495
62.126
63.411
62.084
62.459
62.933
62.500
62.735
61.956
62.812
62.296
62.431
62.526
62.511
62.961
62.722
62.054
61.958
62.519
64.311
62.800
63.201
63.594

>>>wc-3c-3d $latency DT OHE
10.111
9.854
10.536
9.723
9.547
9.593
10.107
10.174
9.930
9.556
10.363
9.992
9.617
9.513
9.681
9.636
9.719
9.791
10.090
9.610
10.010
10.880
10.272
10.126
10.714
10.690
10.630
9.787
9.720
10.205
9.637
9.755
9.704
10.816
18.690
27.780
29.546
27.551
22.807
28.378
31.606
29.135
26.877
16.605
16.602
17.306
16.816
16.494
17.244
17.319

>>>wc-3c-3d LR $latency OHE
0.780
0.615
0.618
0.636
0.657
0.483
0.822
0.468
0.725
0.283
0.318
0.751
0.651
0.302
0.397
0.423
0.358
0.377
0.417
0.626
0.448
0.646
0.648
0.611
0.576
0.259
0.237
0.294
0.231
0.334
0.279
0.635
0.492
0.291
0.271
0.335
0.386
0.352
0.323
0.313
0.257
0.309
0.239
0.299
0.233
0.279
0.228
0.312
0.641
0.312

>>>wc-3c-3d $latency KR OHE
72.690
84.423
79.631
79.087
60.545
58.293
51.339
51.601
48.883
57.550
63.132
61.058
58.460
56.541
47.857
49.212
50.068
49.957
50.496
49.949
47.988
48.950
49.846
48.836
48.861
49.955
50.179
50.178
50.140
50.014
50.042
50.196
49.917
49.874
49.962
50.074
50.304
50.277
52.035
50.368
48.615
48.826
48.646
49.240
48.845
48.998
48.883
49.372
51.289
48.442

>>>wc+wc-c4-3d RF $throughput Label
1.911
1.789
1.755
1.831
1.776
1.801
1.859
1.780
1.884
1.943
1.837
1.772
1.865
1.826
1.824
1.805
1.855
1.922
1.877
1.920
1.818
1.777
1.895
1.850
1.901
1.843
1.855
1.890
1.865
1.890
1.820
1.825
1.840
1.774
1.888
1.782
1.890
1.827
1.898
2.004
2.394
2.593
3.105
2.264
2.409
2.191
1.969
1.991
2.112
2.391

>>>wc+wc-c4-3d Knn $throughput Label
0.749
0.710
0.630
0.605
0.626
0.624
0.610
0.603
0.614
0.612
0.621
0.613
0.640
0.667
0.687
0.729
0.712
0.727
0.677
0.710
0.766
0.706
0.729
0.706
0.788
0.670
0.709
0.668
0.671
0.625
0.669
0.615
0.612
0.622
0.613
0.606
0.605
0.646
0.634
0.614
0.631
0.624
0.632
0.608
0.620
0.624
0.615
0.612
0.621
0.625

>>>wc+wc-c4-3d DT $throughput Label
0.332
0.357
0.293
0.343
0.294
0.293
0.335
0.298
0.382
0.332
0.320
0.375
0.397
0.301
0.401
0.316
0.360
0.335
0.401
0.348
0.385
0.354
0.316
0.327
0.386
0.340
0.335
0.327
0.348
0.305
0.347
0.385
0.308
0.355
0.370
0.365
0.312
0.316
0.342
0.345
0.360
0.350
0.310
0.320
0.335
0.345
0.324
0.337
0.355
0.325

>>>wc+wc-c4-3d LR $throughput Label
0.085
0.085
0.053
0.031
0.031
0.038
0.047
0.031
0.038
0.047
0.031
0.038
0.031
0.038
0.047
0.031
0.038
0.047
0.038
0.031
0.047
0.038
0.031
0.053
0.047
0.053
0.047
0.053
0.037
0.031
0.047
0.031
0.053
0.047
0.031
0.038
0.047
0.038
0.047
0.031
0.038
0.047
0.038
0.031
0.047
0.038
0.031
0.047
0.038
0.031

>>>wc+wc-c4-3d KR $throughput Label
1.952
1.889
1.874
2.121
1.864
1.720
1.727
1.730
1.723
1.691
1.690
1.669
1.720
1.715
1.675
1.753
1.790
1.700
1.710
1.800
1.722
1.708
1.699
1.724
1.745
1.697
1.788
1.840
1.800
1.790
1.822
1.797
1.820
1.887
1.880
2.109
2.160
1.996
1.989
1.935
1.880
1.820
1.820
1.870
1.830
1.850
1.850
1.835
1.918
1.804

>>>wc+wc-c4-3d $latency RF Label
1.934
1.938
1.980
1.835
1.837
1.828
1.930
1.908
1.822
1.820
1.810
1.785
1.800
1.827
1.902
1.842
1.880
1.810
1.845
1.832
1.913
1.934
1.952
1.835
1.995
2.000
1.865
1.905
1.896
1.849
1.871
1.879
1.887
1.917
1.867
1.905
1.965
1.930
1.900
1.875
1.895
1.845
1.870
1.935
1.890
1.830
1.855
1.956
1.867
1.968

>>>wc+wc-c4-3d $latency Knn Label
0.651
0.629
0.599
0.656
0.679
0.664
0.696
0.642
0.696
0.687
0.686
0.719
0.695
0.689
0.687
0.691
0.665
0.642
0.636
0.689
0.658
0.680
0.649
0.619
0.612
0.622
0.613
0.614
0.685
0.646
0.620
0.690
0.659
0.657
0.632
0.673
0.629
0.687
0.672
0.648
0.622
0.688
0.656
0.640
0.673
0.642
0.651
0.667
0.611
0.627

>>>wc+wc-c4-3d DT $latency Label
0.332
0.422
0.294
0.370
0.305
0.343
0.320
0.367
0.331
0.363
0.320
0.360
0.301
0.332
0.337
0.325
0.345
0.346
0.314
0.370
0.295
0.351
0.369
0.290
0.355
0.323
0.339
0.328
0.310
0.365
0.343
0.292
0.320
0.365
0.325
0.333
0.343
0.295
0.325
0.338
0.347
0.317
0.333
0.330
0.353
0.352
0.325
0.285
0.350
0.320

>>>wc-3c-3d LR $latency Label
0.053
0.031
0.038
0.047
0.038
0.031
0.047
0.038
0.031
0.047
0.038
0.031
0.038
0.031
0.047
0.038
0.031
0.047
0.038
0.031
0.038
0.047
0.031
0.053
0.116
0.053
0.031
0.047
0.038
0.047
0.038
0.047
0.031
0.038
0.047
0.038
0.031
0.047
0.038
0.031
0.053
0.031
0.047
0.038
0.031
0.047
0.038
0.047
0.038
0.031

>>>wc+wc-c4-3d KR $latency Label
1.789
1.698
1.710
1.883
1.948
1.905
1.782
1.746
1.710
1.680
1.710
1.730
1.700
1.710
1.690
1.670
1.710
1.757
1.790
1.877
1.709
1.710
1.760
1.849
2.030
1.804
2.031
2.020
1.890
1.940
1.863
1.807
1.935
1.841
1.881
1.860
1.810
1.954
1.919
1.820
1.790
1.840
1.853
1.807
1.870
1.860
1.860
1.896
1.830
1.809

>>>wc+wc-c4-3d $throughput RF OHE
2.324
2.207
2.315
2.589
2.685
2.614
2.681
2.433
2.747
2.744
2.648
2.642
2.651
2.746
2.614
2.897
2.582
2.398
2.500
2.374
2.359
2.446
2.506
2.452
2.403
2.412
2.322
2.388
2.405
2.441
2.479
2.318
2.339
2.324
2.251
2.313
2.376
2.445
2.433
2.309
2.529
2.531
2.400
2.414
2.374
2.428
2.355
2.445
2.413
2.347

>>>wc+wc-c4-3d Knn $throughput OHE
0.877
0.908
0.836
0.817
0.858
0.887
0.949
0.934
0.872
0.831
0.859
0.809
0.811
0.814
0.803
0.811
0.822
0.820
0.805
0.808
0.832
0.835
0.814
0.818
0.825
0.811
0.882
0.850
0.830
0.813
0.917
0.855
0.818
0.867
0.909
0.859
0.908
0.843
0.808
0.848
0.904
0.866
0.890
0.831
0.814
0.811
0.817
0.818
0.859
0.870

>>>wc+wc-c4-3d SVR $throughput OHE
3.660
3.503
3.494
3.615
3.485
3.582
3.420
3.410
3.565
3.495
3.568
3.659
3.423
3.607
3.618
3.490
3.426
3.608
3.672
3.483
3.387
3.391
3.490
3.520
3.749
3.755
3.808
3.740
3.673
3.720
4.051
3.606
3.567
3.616
3.666
3.830
3.670
3.642
3.737
3.986
4.158
3.820
4.098
3.730
3.623
3.611
3.565
3.610
3.706
3.944

>>>wc+wc-c4-3d DT $throughput OHE
0.585
0.613
0.582
0.658
0.551
0.566
0.614
0.600
0.606
0.568
0.529
0.530
0.534
0.530
0.535
0.532
0.533
0.527
0.561
0.576
0.532
0.527
0.523
0.520
0.532
0.532
0.544
0.530
0.524
0.542
0.532
0.531
0.532
0.533
0.541
0.531
0.524
0.550
0.534
0.540
0.533
0.532
0.539
0.524
0.543
0.522
0.522
0.532
0.525
0.533

>>>wc+wc-c4-3d LR $throughput OHE
0.201
0.116
0.116
0.116
0.132
0.138
0.100
0.116
0.132
0.116
0.115
0.138
0.116
0.132
0.122
0.116
0.116
0.116
0.154
0.100
0.131
0.100
0.132
0.116
0.122
0.116
0.116
0.116
0.131
0.123
0.116
0.116
0.116
0.132
0.123
0.116
0.116
0.116
0.132
0.123
0.116
0.116
0.116
0.154
0.100
0.116
0.116
0.116
0.154
0.100

>>>wc+wc-c4-3d KR $throughput OHE
3.308
3.440
3.151
3.140
3.195
3.255
3.260
3.240
3.210
3.220
3.257
3.196
3.267
3.260
3.190
3.160
3.160
3.215
3.271
3.286
3.509
3.540
3.640
3.748
3.497
3.300
3.270
3.135
3.215
3.180
3.185
3.205
3.290
3.200
3.290
3.250
3.230
3.340
3.305
3.258
3.247
3.295
3.295
3.314
3.645
3.835
3.856
3.479
3.320
3.360

>>> wc+wc-c4-3d RF $latency OHE
2.367
2.329
2.291
2.214
2.297
2.232
2.252
2.299
2.348
2.362
2.257
2.288
2.386
2.334
2.326
2.283
2.413
2.374
2.314
2.327
2.348
2.394
2.407
2.499
2.367
2.347
2.392
2.350
2.299
2.371
2.394
2.336
2.360
2.295
2.346
2.244
2.216
2.290
2.403
2.307
2.327
2.314
2.310
2.537
2.390
2.283
2.487
2.518
2.448
2.448

>>>wc+wc-c4-3d knn $latency OHE
0.950
0.956
0.872
0.893
0.880
0.873
0.835
0.912
0.818
0.843
0.869
0.898
0.889
0.934
1.018
1.034
1.072
1.005
0.974
0.946
0.969
0.934
1.040
0.987
0.929
0.945
1.012
1.021
0.980
0.910
0.913
0.928
1.065
1.086
1.036
0.965
0.971
0.902
0.990
1.015
1.052
0.870
0.865
0.914
0.879
0.810
0.897
0.815
0.832
0.964

>>>wc+wc-c4-3d SVR $latency OHE
3.464
3.514
3.622
3.525
3.485
3.799
3.718
3.520
3.619
3.515
3.549
3.578
3.606
3.720
3.590
3.674
3.390
3.636
3.470
3.660
3.554
3.521
3.449
3.442
3.583
3.661
3.582
3.702
3.479
3.683
3.655
3.570
3.650
3.483
3.474
3.609
3.703
3.616
3.522
3.599
3.490
3.570
3.403
3.528
3.531
3.714
3.684
3.620
3.603
3.779

>>>wc+wc-c4-3d DT $latency OHE
0.591
0.630
0.564
0.552
0.575
0.526
0.527
0.533
0.534
0.529
0.528
0.533
0.542
0.519
0.527
0.528
0.537
0.536
0.527
0.536
0.547
0.544
0.529
0.517
0.535
0.527
0.518
0.526
0.524
0.522
0.543
0.527
0.546
0.545
0.528
0.533
0.546
0.618
0.594
0.591
0.588
0.519
0.527
0.526
0.528
0.529
0.537
0.547
0.610
0.596

>>>wc+wc-c4-3d LR $latency OHE 
0.132
0.132
0.123
0.132
0.100
0.132
0.116
0.122
0.116
0.131
0.116
0.138
0.116
0.100
0.116
0.116
0.132
0.100
0.138
0.116
0.116
0.132
0.100
0.138
0.116
0.116
0.132
0.116
0.123
0.132
0.100
0.154
0.100
0.116
0.116
0.116
0.116
0.138
0.116
0.100
0.132
0.132
0.100
0.123
0.132
0.116
0.154
0.100
0.116
0.116

>>>wc+wc-c4-3d KR $latency OHE
3.308
3.424
3.198
3.220
3.233
3.187
3.213
3.242
3.175
3.225
3.172
3.240
3.215
3.220
3.285
3.196
3.297
3.252
3.540
3.678
3.941
3.778
3.756
3.810
3.921
3.849
3.609
3.195
3.275
3.210
3.255
3.295
3.310
3.310
3.240
3.280
3.263
3.287
3.340
3.273
3.322
3.365
3.480
3.674
3.979
3.909
3.609
3.559
3.242
3.210

>>>wc+rs-c4-3d $throughput RF Label
1.879
1.824
1.852
1.905
1.786
1.760
1.765
1.837
1.788
1.799
1.822
1.828
1.821
1.792
1.811
1.801
1.824
1.805
1.830
1.845
1.863
1.832
1.826
1.864
1.832
1.925
1.819
1.850
1.828
1.915
1.901
1.900
1.840
1.817
1.823
1.910
1.935
1.901
2.031
2.006
1.886
1.815
1.843
1.917
1.860
1.865
1.837
1.830
1.812
1.886

>>>wc+rs-c4-3d knn $throughput Label
0.656
0.625
0.609
0.599
0.618
0.616
0.598
0.607
0.618
0.609
0.596
0.597
0.606
0.628
0.609
0.639
0.610
0.591
0.619
0.672
0.691
0.608
0.597
0.606
0.606
0.600
0.618
0.608
0.602
0.609
0.618
0.607
0.607
0.607
0.599
0.626
0.599
0.616
0.618
0.596
0.635
0.609
0.645
0.637
0.690
0.852
0.755
0.708
0.743
0.727

>>>wc+rs-c4-3d SVR $throughput Label
2.384
2.269
2.343
2.261
2.255
2.389
2.430
2.298
2.411
2.419
2.353
2.267
2.340
2.370
2.246
2.316
2.376
2.394
2.263
2.375
2.232
2.349
2.251
2.300
2.253
2.345
2.493
2.522
2.564
2.493
2.517
2.670
2.667
2.750
2.726
2.785
2.767
2.408
2.249
2.327
2.275
2.215
2.300
2.611
2.241
2.459
2.223
2.320
2.478
2.448

>>>wc+rs-c4-3d DT $throughput Label
0.329
0.359
0.350
0.380
0.342
0.333
0.286
0.294
0.287
0.288
0.286
0.297
0.286
0.287
0.286
0.286
0.298
0.286
0.286
0.295
0.281
0.302
0.286
0.286
0.293
0.287
0.286
0.279
0.286
0.297
0.276
0.295
0.287
0.287
0.285
0.281
0.285
0.375
0.360
0.351
0.284
0.289
0.276
0.286
0.295
0.287
0.289
0.286
0.286
0.287

>>>wc+rs-c4-3d LR $throughput Label
0.062
0.038
0.031
0.047
0.038
0.031
0.038
0.047
0.031
0.038
0.047
0.038
0.031
0.047
0.038
0.031
0.047
0.038
0.031
0.038
0.132
0.100
0.031
0.053
0.131
0.085
0.031
0.053
0.031
0.031
0.053
0.031
0.038
0.047
0.031
0.038
0.047
0.038
0.031
0.047
0.038
0.047
0.038
0.031
0.047
0.038
0.031
0.047
0.038
0.031

>>>wc+rs-c4-3d KR $throughput Label
1.920
1.820
1.757
1.873
1.835
2.152
1.811
1.826
1.679
1.773
1.768
1.720
1.740
1.810
1.720
1.670
1.805
1.819
1.770
1.790
2.118
2.406
2.290
2.044
2.064
1.869
1.757
2.022
1.850
1.880
1.870
1.790
1.880
1.950
1.840
2.209
2.237
2.166
1.882
1.808
1.750
1.880
1.880
1.860
1.800
1.800
1.840
1.870
1.900
1.845

>>>wc+rs-c4-3d RF $latency Label
1.853
1.882
1.885
1.871
1.870
1.937
1.890
1.786
1.762
1.792
1.786
1.792
1.785
1.817
1.794
1.809
1.807
1.856
1.811
1.800
1.793
1.832
1.828
1.760
1.800
1.773
1.817
1.850
1.865
1.825
1.804
1.815
1.814
1.856
1.890
1.797
1.890
1.788
1.948
2.018
2.073
2.078
2.116
2.183
2.117
1.994
2.068
2.130
1.863
1.936

>>>wc+rs-c4-3d knn $latency Label
0.664
0.641
0.595
0.632
0.633
0.699
0.699
0.650
0.650
0.751
0.668
0.696
0.703
0.741
0.725
0.615
0.613
0.665
0.641
0.695
0.633
0.610
0.693
0.647
0.653
0.670
0.655
0.613
0.610
0.680
0.605
0.620
0.621
0.624
0.663
0.697
0.665
0.709
0.666
0.665
0.685
0.654
0.656
0.641
0.679
0.670
0.656
0.614
0.694
0.661

>>>wc+rs-c4-3d SVR $latency Label
2.532
2.722
2.780
2.846
2.965
2.794
2.508
2.562
2.504
2.523
2.616
2.631
2.785
2.654
2.473
2.622
2.740
3.038
2.834
2.546
2.533
2.547
2.574
2.587
2.680
2.755
3.071
2.684
2.515
2.493
2.494
2.580
2.510
2.607
2.721
2.963
2.964
3.257
2.905
2.690
2.603
2.655
2.655
2.703
2.457
2.562
2.633
2.614
2.506
2.584

>>>wc+rs-c4-3d DT $latency Label
0.370
0.354
0.368
0.370
0.305
0.379
0.363
0.326
0.312
0.341
0.283
0.294
0.293
0.286
0.285
0.286
0.292
0.283
0.285
0.297
0.301
0.285
0.351
0.292
0.589
0.560
0.635
0.684
0.600
0.598
0.630
0.564
0.606
0.666
0.422
0.605
0.504
0.601
0.576
0.619
0.499
0.487
0.558
0.669
0.542
0.625
0.532
0.493
0.551
0.498

>>>wc+rs-c4-3d LR $latency Label
0.203
0.069
0.060
0.173
0.100
0.168
0.102
0.115
0.099
0.164
0.139
0.117
0.078
0.174
0.122
0.091
0.134
0.112
0.144
0.147
0.059
0.106
0.117
0.145
0.104
0.100
0.131
0.126
0.109
0.172
0.108
0.121
0.140
0.065
0.105
0.193
0.166
0.111
0.117
0.125
0.125
0.125
0.101
0.180
0.104
0.159
0.133
0.068
0.157
0.079

>>>wc+rs-c4-3d KR $latency Label
6.990
5.718
5.547
5.047
5.661
5.433
5.789
5.972
5.737
5.619
5.763
5.605
5.632
5.248
4.963
5.978
5.592
5.429
5.833
5.175
5.980
5.601
5.756
5.755
5.621
5.736
5.635
5.335
5.745
5.466
5.800
5.523
5.601
5.695
5.325
5.292
5.535
5.830
5.595
5.855
5.669
5.585
6.098
6.913
6.166
6.350
6.405
6.038
6.280
6.110

>>>SS-F RF $throughput OHE
4.285
3.457
3.250
5.286
6.128
6.018
6.036
5.905
6.109
6.026
6.020
5.927
5.958
6.041
6.097
6.024
6.080
6.105
5.978
6.086
5.648
5.836
5.726
6.711
7.610
6.083
6.572
5.923
7.798
5.976
5.986
5.353
4.409
4.344
4.343
3.942
3.621
4.214
3.504
3.870
3.755
3.760
3.696
3.518
3.566
4.062
4.458
4.130
3.720
3.559

>>>wc+rs-c4-3d KNN $throughout OHE
1.617
1.551
1.480
1.406
1.843
2.135
1.958
2.196
2.175
2.260
2.045
2.280
2.226
2.244
2.200
2.160
2.205
2.222
2.163
2.215
2.274
2.196
2.205
2.195
2.195
2.320
2.290
1.966
2.155
2.112
2.179
2.129
2.255
2.175
2.205
2.255
2.255
2.144
2.185
2.207
2.035
1.760
1.653
1.493
1.317
1.360
1.415
1.400
1.340
1.355

>>>wc+rs-c4-3d SVR $throughput OHE
5.958
9.056
8.939
9.197
9.120
8.987
9.139
9.070
9.303
8.729
8.864
7.573
7.224
8.190
6.448
7.228
7.175
7.424
7.405
7.603
7.543
8.911
10.347
9.514
8.931
9.505
10.024
11.047
9.828
9.994
8.450
6.090
7.412
7.505
7.671
8.902
6.727
6.191
6.409
5.805
6.655
5.669
6.407
5.761
6.243
5.761
5.932
5.517
5.203
6.796

>>>wc+rs-c4-3d DT $throughout OHE
1.067
1.250
1.149
1.170
0.991
1.125
1.110
0.972
1.110
1.013
1.164
1.103
0.890
1.142
1.215
1.337
1.682
1.327
1.369
1.057
1.532
1.746
2.233
1.450
1.854
1.638
1.632
1.682
1.782
1.500
1.764
1.694
2.125
1.864
1.543
1.554
1.773
1.706
1.628
1.654
1.679
1.650
1.738
1.704
1.747
1.777
1.588
1.663
1.578
1.649

>>>wc+rs-c4-3d LR $throughput OHE
0.494
0.269
0.308
0.413
0.380
0.436
0.285
0.244
0.264
0.227
0.353
0.325
0.398
0.285
0.276
0.354
0.468
0.355
0.413
0.524
0.309
0.292
0.352
0.363
0.436
0.566
0.471
0.349
0.357
0.354
0.305
0.363
0.385
0.431
0.344
0.358
0.388
0.356
0.379
0.357
0.297
0.366
0.447
0.407
0.371
0.333
0.282
0.436
0.267
0.293

>>>wc+rs-c4-3d KR $throughput OHE
9.746
8.804
8.773
9.122
9.241
9.202
9.183
9.479
9.116
8.792
9.468
8.694
9.115
8.796
9.159
8.789
9.177
6.195
5.988
5.706
7.664
7.780
6.622
7.184
9.049
9.540
10.147
9.514
10.273
9.213
9.089
6.708
6.616
6.886
6.907
6.789
8.012
9.416
7.037
8.985
8.183
8.191
7.796
7.602
8.750
8.869
7.897
8.355
9.025
9.546

>>>wc+rs-c4-3d RF $latency OHE
4.657
3.830
3.207
3.626
3.555
3.655
3.506
3.441
3.654
3.420
3.837
3.396
3.135
3.293
3.182
3.116
3.176
3.246
3.100
3.117
2.803
3.064
2.990
3.190
3.304
4.824
5.455
5.162
5.789
4.570
3.159
3.190
3.161
3.172
3.171
2.971
3.186
4.136
5.447
5.352
5.743
5.212
4.123
4.623
4.905
4.642
5.207
5.569
4.805
4.340

>>>wc+rs-c4-3d knn $latency OHE
1.423
1.350
1.525
1.386
1.231
1.203
1.063
1.295
1.309
1.413
1.091
1.235
1.330
1.164
1.307
1.366
1.168
1.171
1.318
1.113
1.231
1.521
1.452
1.609
1.748
1.547
1.745
1.765
1.570
1.635
2.081
3.070
2.087
2.543
2.366
2.471
2.097
1.919
1.398
1.685
1.402
1.427
1.237
1.465
1.535
1.579
2.617
2.424
2.117
2.199

>>>wc+rs-c4-3d SVR $latency OHE
5.004
4.505
4.812
5.617
9.095
9.926
10.032
6.824
5.984
8.265
9.244
9.166
9.090
8.820
9.031
9.253
9.099
10.212
11.369
10.444
7.190
6.314
5.854
8.728
9.025
8.976
8.760
9.073
8.777
9.832
10.739
11.128
7.988
5.914
4.939
5.048
5.848
5.720
4.562
4.946
5.048
5.090
5.398
4.729
5.369
5.142
5.648
5.393
6.262
7.621

>>>wc+rs-c4-3d DT $latency OHE
1.280
0.749
0.886
0.962
1.018
0.905
0.724
0.715
0.792
0.917
0.893
0.823
0.860
0.851
0.837
0.853
0.784
0.869
1.008
0.760
0.814
0.824
0.779
0.868
0.908
0.957
0.843
0.799
0.868
0.821
0.868
0.829
0.875
0.723
0.778
0.922
0.736
0.877
0.803
0.802
0.766
0.734
0.804
0.799
0.884
0.848
0.793
0.854
0.938
0.838

>>>wc+rs-c4-3d LR $latency OHE
0.289
0.246
0.174
0.227
0.198
0.273
0.316
0.318
0.159
0.186
0.291
0.250
0.273
0.245
0.163
0.164
0.164
0.333
0.187
0.332
0.294
0.198
0.313
0.156
0.234
0.260
0.234
0.176
0.278
0.265
0.241
0.192
0.231
0.215
0.306
0.162
0.188
0.297
0.213
0.154
0.171
0.215
0.264
0.158
0.167
0.171
0.166
0.163
0.233
0.208

>>>wc+rs-c4-3d KR $latency OHE
8.071
10.555
9.588
10.092
8.395
8.383
8.440
8.473
8.340
8.900
8.958
9.648
9.318
8.688
9.742
9.479
9.266
9.474
9.273
9.387
9.294
9.159
9.264
9.141
9.139
9.117
9.223
9.176
9.282
8.908
12.666
9.898
8.841
9.932
8.966
8.833
11.112
9.759
9.081
9.633
9.458
9.440
9.345
9.214
9.354
9.364
9.212
9.320
9.423
9.240

>>>noc-CM-log RF $energy Label
3.753
3.447
3.830
6.206
5.766
5.594
5.099
5.123
5.186
5.161
5.170
3.599
3.574
3.641
3.806
3.651
3.753
4.001
3.628
3.665
3.666
3.626
3.373
3.107
2.693
2.953
2.766
2.645
2.613
2.879
2.689
2.885
2.854
2.860
2.949
2.768
3.072
2.713
2.851
2.820
3.226
3.016
2.940
2.634
2.705
3.055
2.728
2.924
3.058
2.771

>>>noc-CM-log knn $energy Label
1.191
1.049
0.876
0.839
0.853
0.936
1.308
0.949
0.954
0.816
0.990
0.905
0.924
0.938
0.973
0.929
0.980
0.974
0.819
0.915
0.842
0.804
0.932
0.869
0.908
0.991
0.867
0.892
0.944
1.000
0.883
0.967
0.905
1.015
0.853
0.861
0.858
0.857
1.011
0.978
0.908
0.931
1.102
1.037
0.994
0.920
0.860
0.949
0.872
0.836

>>>noc-CM-log DT $energy Label
0.483
0.546
0.464
0.626
0.510
0.519
0.506
0.483
0.565
0.645
0.588
0.489
0.501
0.573
0.567
0.509
0.504
0.780
0.477
0.599
0.531
0.534
0.513
0.472
0.569
0.539
0.437
0.687
0.515
0.597
0.646
0.536
0.623
0.427
0.601
0.731
0.501
0.526
0.605
0.514
0.483
0.522
0.558
0.531
0.555
0.449
0.552
0.506
0.530
0.560

>>>noc-CM-log LR $energy Label
0.120
0.125
0.115
0.114
0.147
0.103
0.132
0.053
0.047
0.071
0.171
0.129
0.097
0.147
0.123
0.085
0.152
0.164
0.062
0.169
0.082
0.157
0.094
0.168
0.067
0.219
0.114
0.095
0.200
0.115
0.125
0.074
0.053
0.100
0.120
0.122
0.110
0.179
0.107
0.137
0.118
0.095
0.209
0.218
0.088
0.140
0.168
0.108
0.102
0.134

>>>noc-CM-log KR $energy Label
30.976
27.752
10.443
8.502
8.895
8.531
9.139
9.183
9.016
9.245
8.991
9.114
8.964
8.765
8.643
8.744
8.651
8.810
8.701
8.692
8.718
8.666
8.776
9.299
8.952
8.232
8.139
8.445
8.326
9.620
8.562
9.768
10.577
9.534
9.056
9.350
8.844
8.201
8.215
8.164
8.315
8.197
8.195
8.650
8.607
8.553
8.392
8.548
8.390
8.361

>>>noc-CM-log RF $inv_runtime Label
43.591
43.959
43.492
43.273
43.348
44.208
44.193
43.582
43.865
43.681
43.315
43.563
43.586
43.267
43.287
44.922
43.226
43.759
46.279
43.478
44.321
43.530
43.294
43.453
43.267
43.172
42.742
56.903
46.828
44.016
43.469
43.416
43.189
43.119
43.351
43.400
43.017
43.192
42.956
43.434
43.935
43.189
43.235
48.103
47.609
45.841
43.940
45.001
43.416
43.354

>>>noc-CM-log knn $inv_runtime Label
0.721
0.623
0.640
0.628
0.628
0.625
0.628
0.634
0.619
0.628
0.625
0.628
0.623
0.640
0.612
0.645
0.627
0.624
0.640
0.675
0.631
0.622
0.629
0.637
0.625
0.644
0.630
0.623
0.628
0.640
0.628
0.634
0.619
0.644
0.638
0.640
0.628
0.645
0.639
0.628
0.640
0.628
0.675
0.625
0.643
0.639
0.625
0.649
0.641
0.621

>>>noc-CM-log DT $inv_runtime Label
0.422
0.380
0.436
0.359
0.331
0.391
0.375
0.395
0.359
0.373
0.395
0.391
0.373
0.359
0.387
0.350
0.406
0.378
0.344
0.406
0.362
0.391
0.371
0.351
0.375
0.387
0.367
0.406
0.366
0.356
0.403
0.375
0.359
0.379
0.375
0.391
0.378
0.359
0.391
0.363
0.359
0.386
0.367
0.406
0.363
0.391
0.373
0.381
0.328
0.403

>>>noc-CM-log LR $inv_runtime Label
0.062
0.031
0.047
0.031
0.031
0.047
0.047
0.031
0.031
0.047
0.031
0.047
0.031
0.031
0.047
0.031
0.047
0.031
0.047
0.047
0.031
0.047
0.031
0.047
0.031
0.047
0.047
0.078
0.094
0.031
0.047
0.047
0.031
0.047
0.047
0.047
0.031
0.047
0.047
0.031
0.047
0.031
0.047
0.031
0.047
0.047
0.031
0.047
0.031
0.047

>>>noc-CM-log KR $inv_runtime Label
7.779
7.561
7.529
7.514
7.498
7.519
7.717
7.922
7.920
7.998
7.890
7.873
7.881
7.960
7.951
7.922
7.967
7.962
7.982
8.014
7.995
8.079
8.470
8.100
8.171
8.150
8.295
9.338
8.234
8.579
8.326
8.279
8.389
8.326
8.271
8.373
8.238
8.248
8.295
8.261
8.186
8.241
8.242
8.217
8.236
8.201
8.249
8.295
8.232
8.239

>>>noc-CM-log RF $energy OHE
56.270
54.993
55.774
55.952
55.988
56.358
56.123
56.178
55.679
56.054
56.392
55.971
56.169
55.601
56.272
56.730
55.617
56.932
57.077
56.539
66.077
56.320
56.607
56.690
56.277
57.833
59.079
64.799
62.522
60.928
62.531
58.302
57.079
56.813
56.581
64.684
60.694
59.392
57.425
57.354
57.554
60.205
57.837
57.169
65.444
58.270
69.208
62.293
56.986
59.958

>>>noc-CM-log KR $energy OHE
14.996
14.681
14.618
15.383
15.308
15.499
15.378
15.500
16.147
15.550
15.581
15.673
15.648
15.719
15.621
15.566
15.523
15.648
15.545
15.766
15.661
15.576
15.651
16.063
15.777
15.909
15.676
15.746
15.707
15.769
15.742
15.628
15.777
15.592
15.734
15.674
15.661
15.612
15.784
16.622
16.024
15.600
15.619
15.696
15.564
15.604
15.570
15.633
15.626
15.625

>>>noc-CM-log knn $energy OHE
0.902
0.973
0.895
0.872
0.950
0.829
0.884
0.883
0.893
0.886
0.882
0.892
0.935
0.948
1.086
0.859
0.866
0.927
0.842
0.921
0.864
0.865
0.884
0.895
0.909
0.872
0.867
0.907
0.874
0.939
0.846
0.880
0.894
0.875
0.965
0.852
0.872
0.893
0.893
0.897
0.870
0.877
0.911
0.883
0.881
0.885
0.912
0.857
0.912
0.883

>>>noc-CM-log SVR $energy OHE
6.199
5.890
6.458
6.271
6.710
6.812
6.733
6.891
6.742
6.752
6.193
6.538
6.797
7.282
6.357
6.012
11.706
15.615
13.662
12.893
15.852
16.261
16.451
16.573
17.321
17.709
17.178
16.104
16.352
15.761
15.499
16.179
16.027
16.143
16.405
17.080
16.044
17.111
15.920
15.962
15.909
15.581
15.642
15.565
16.248
16.188
16.384
16.367
16.730
15.975

>>>noc-CM-log DT $energy OHE
1.325
1.045
1.042
1.177
1.081
1.267
1.294
1.353
1.544
1.640
1.728
1.504
1.019
1.401
1.335
1.480
1.141
0.956
1.068
1.374
1.559
1.354
1.510
1.368
1.318
1.576
1.339
1.248
1.240
1.395
1.453
1.792
1.142
1.405
1.247
1.430
2.285
1.426
1.522
1.323
1.618
1.719
1.645
1.200
1.239
1.740
1.437
1.302
1.104
1.116

>>>noc-CM-log LR $energy OHE
0.462
0.376
0.246
0.205
0.259
0.203
0.294
0.252
0.188
0.273
0.186
0.386
0.191
0.277
0.355
0.204
0.302
0.238
0.227
0.311
0.251
0.177
0.271
0.224
0.261
0.192
0.283
0.162
0.283
0.166
0.166
0.169
0.252
0.230
0.291
0.180
0.315
0.202
0.258
0.224
0.235
0.267
0.217
0.223
0.261
0.249
0.191
0.265
0.250
0.255

>>>noc-CM-log RF $inv_runtime OHE
58.534
61.123
61.452
61.254
61.888
61.504
61.694
61.004
61.208
61.075
60.999
61.418
61.028
61.387
61.120
61.392
61.485
62.022
61.346
61.387
61.375
61.569
62.133
62.557
61.975
61.784
62.629
61.761
61.806
63.370
61.656
62.024
62.332
62.414
61.955
65.035
62.341
62.744
65.096
57.011
56.768
57.424
57.049
57.110
56.955
57.065
58.276
58.257
57.308
57.364

>>>noc-CM-log knn $inv_runtime OHE
0.945
0.992
0.912
0.952
0.924
0.899
0.975
0.972
1.033
1.029
0.976
0.854
0.866
0.961
0.836
0.965
0.895
0.927
1.052
1.053
0.964
0.986
0.897
0.949
1.025
0.920
0.980
0.989
1.229
1.014
1.176
0.956
0.945
0.963
1.027
1.035
0.910
0.945
0.930
0.991
0.921
0.877
0.942
0.918
0.945
0.886
0.894
0.939
0.972
0.862

>>>noc-CM-log SVR $inv_runtime OHE
8.304
8.662
8.686
10.015
8.973
8.837
9.194
9.121
8.323
8.812
9.089
9.743
9.886
9.397
8.976
8.261
9.042
9.040
9.472
8.579
8.231
9.110
8.828
9.328
10.077
9.349
8.228
9.828
9.366
9.333
10.414
9.133
11.065
8.645
8.762
8.904
9.636
10.352
10.038
8.348
9.562
8.317
9.193
8.321
9.043
7.524
8.116
8.405
8.580
8.841

>>>noc-CM-log DT $inv_runtime OHE
0.687
0.695
0.696
0.649
0.632
0.623
0.638
0.628
0.629
0.638
0.639
0.630
0.627
0.633
0.625
0.656
0.632
0.644
0.629
0.627
0.655
0.633
0.658
0.630
0.640
0.627
0.652
0.631
0.647
0.648
0.629
0.630
0.649
0.625
0.667
0.637
0.648
0.633
0.652
0.640
0.654
0.620
0.657
0.633
0.625
0.675
0.636
0.635
0.651
0.648

>>>noc-CM-log LR $inv_runtime OHE
0.179
0.121
0.123
0.135
0.111
0.137
0.114
0.127
0.135
0.130
0.113
0.132
0.130
0.112
0.127
0.121
0.126
0.127
0.110
0.124
0.126
0.112
0.131
0.116
0.147
0.110
0.122
0.140
0.109
0.146
0.109
0.143
0.108
0.140
0.111
0.127
0.111
0.144
0.112
0.148
0.115
0.121
0.110
0.140
0.111
0.135
0.111
0.132
0.131
0.110

>>>noc-CM-log KR $inv_runtime OHE
18.729
18.416
18.832
45.528
44.041
19.271
14.826
14.742
14.716
14.772
14.760
15.060
14.919
15.200
14.873
14.875
14.860
14.828
14.829
14.871
14.847
15.555
14.878
14.921
14.904
15.323
14.969
14.887
15.077
15.180
15.109
15.109
15.335
15.658
15.230
15.359
15.202
15.358
15.110
15.164
15.009
15.227
15.489
14.985
15.163
16.095
16.070
15.034
15.020
15.015

>>>llvm RF $throughput Label
123.900
120.359
121.082
131.520
141.405
122.456
114.608
111.913
112.998
112.092
120.962
125.189
112.566
120.069
120.793
127.456
110.625
124.690
129.011
121.973
130.816
123.420
121.957
121.707
127.188
113.238
118.485
121.727
118.324
123.668
119.481
118.938
118.019
144.683
176.200
231.051
353.269
355.119
295.373
297.179
176.951
188.667
174.887
191.628
165.287
213.784
296.403
311.930
196.508
235.609


>>>llvm knn $throughput Label
2.157
2.231
1.959
2.192
3.048
3.704
3.590
3.702
3.798
3.635
3.583
3.573
3.705
3.643
3.598
3.608
3.565
3.540
3.583
3.598
3.575
3.618
3.577
3.580
3.583
3.763
3.321
2.151
1.955
2.182
2.503
2.715
2.716
2.430
3.509
2.745
2.920
2.750
3.197
2.487
2.571
2.105
2.199
2.385
2.087
2.054
2.349
2.274
1.990
2.219

>>>llvm SVR $throughput Label
38.844
25.540
25.650
26.759
30.048
27.894
26.537
25.784
25.047
24.972
25.118
25.161
25.223
25.084
25.276
25.263
25.058
28.127
26.347
25.758
25.936
28.634
26.157
25.615
26.236
27.784
29.013
28.257
27.293
26.940
27.813
29.616
27.435
33.130
26.611
27.152
27.908
26.257
25.508
25.686
25.781
25.803
25.545
26.475
27.699
27.818
27.636
27.656
28.500
27.727

>>>llvm DT $throughput Label
1.212
1.128
1.136
1.156
1.097
1.156
1.126
1.214
1.105
1.165
1.141
1.157
1.123
1.129
1.198
1.101
1.179
1.116
1.156
1.158
1.126
1.149
1.115
1.195
1.098
1.185
1.159
1.121
1.168
1.112
1.137
1.192
1.125
1.149
1.124
1.227
1.127
1.160
1.131
1.174
1.257
1.140
1.121
1.192
1.153
1.118
1.188
1.159
1.109
1.238

>>>llvm LR $throughput Label
0.103
0.075
0.043
0.042
0.044
0.041
0.044
0.042
0.045
0.043
0.041
0.044
0.042
0.043
0.042
0.042
0.042
0.043
0.044
0.044
0.045
0.044
0.044
0.053
0.074
0.049
0.044
0.044
0.044
0.045
0.059
0.127
0.044
0.043
0.043
0.047
0.043
0.047
0.043
0.044
0.043
0.047
0.044
0.043
0.044
0.044
0.045
0.060
0.045
0.044

>>>llvm KR $throughput Label
191.015
231.348
270.631
261.686
248.998
292.859
203.387
195.573
154.316
196.838
219.311
192.588
263.888
207.786
85.873
85.521
88.920
89.917
90.043
89.131
89.712
90.014
90.439
90.228
89.354
89.497
88.874
88.773
88.637
89.413
90.234
90.277
86.742
94.369
89.166
86.964
87.184
87.413
88.558
90.414
89.581
89.446
89.658
91.060
89.604
89.811
89.763
91.477
89.631
90.356

>>>llvm RF $latency Label
111.078
112.157
110.979
110.919
118.247
131.525
118.760
121.199
120.822
122.671
120.176
121.138
123.985
121.055
123.527
122.285
121.855
120.115
121.979
122.830
124.927
123.626
124.320
127.928
120.548
124.193
123.588
122.177
120.949
121.994
123.118
111.945
111.514
110.842
113.844
115.142
113.475
111.929
110.646
215.649
284.217
247.205
169.894
170.085
179.687
264.035
173.882
169.638
171.113
163.138

>>>llvm knn $latency Label
1.445
1.406
1.530
1.618
1.619
1.565
1.546
1.619
1.516
1.610
1.497
1.485
1.552
1.464
1.560
1.521
1.466
1.477
1.620
1.646
1.613
1.556
1.796
1.682
1.766
1.618
1.568
1.629
1.635
1.652
1.612
1.898
1.952
1.991
2.037
1.835
1.737
1.472
1.485
1.427
1.463
1.470
1.414
1.447
1.471
1.439
1.481
1.436
1.448
1.609
>>>llvm DT $latency Label
1.217
1.217
1.255
1.231
1.288
1.330
1.266
1.296
1.244
1.472
1.577
1.413
1.454
1.306
1.327
1.290
1.238
1.292
1.263
1.295
1.256
1.225
1.288
1.358
1.237
1.215
1.388
1.410
1.473
1.368
1.518
1.477
1.362
1.345
1.267
1.296
1.308
1.304
1.325
1.395
1.463
1.616
1.453
1.477
1.307
1.529
1.435
1.421
1.435
1.536
>>>llvm LR $latency Label
0.071
0.045
0.050
0.049
0.046
0.047
0.045
0.047
0.046
0.046
0.046
0.046
0.045
0.047
0.046
0.041
0.042
0.042
0.047
0.058
0.042
0.044
0.045
0.053
0.045
0.045
0.047
0.046
0.048
0.050
0.048
0.049
0.046
0.048
0.047
0.046
0.045
0.045
0.044
0.042
0.042
0.041
0.042
0.042
0.042
0.042
0.041
0.041
0.043
0.043
>>>llvm KR $latency Label
168.002
157.751
153.835
156.580
178.814
177.537
178.490
180.310
184.572
195.212
195.501
181.273
87.742
86.988
89.357
89.622
89.833
89.987
90.277
89.791
89.806
89.941
90.025
90.058
90.564
90.319
90.127
90.196
90.403
96.306
92.654
90.112
90.262
86.736
84.473
85.096
84.798
84.266
84.612
85.014
84.429
84.376
84.250
85.176
84.816
85.110
84.819
86.849
85.049
84.795

>>>llvm RF $throughput OHE
454.713
436.219
545.334
279.569
233.514
236.197
236.541
235.880
237.041
235.732
238.605
236.653
252.247
233.582
253.086
230.667
232.136
237.112
220.098
228.745
220.822
226.207
233.270
235.285
251.644
234.569
281.212
256.638
259.303
250.577
251.986
246.203
248.079
249.052
255.735
249.739
250.225
250.190
251.896
248.282
250.643
246.696
250.172
249.945
339.755
404.670
375.284
400.219
544.487
618.708

>>>llvm knn $throughput OHE
3.012
2.935
3.264
2.846
2.927
2.987
3.163
3.099
3.524
3.405
3.172
3.369
3.571
3.176
3.229
3.640
4.097
3.001
3.492
3.652
3.481
3.148
2.750
2.949
2.901
3.042
2.949
3.084
2.737
2.847
3.372
2.779
2.672
2.675
2.613
2.713
2.609
2.598
2.603
2.614
2.646
2.632
2.680
2.637
2.641
2.716
2.615
2.625
2.620
2.673
>>>llvm SVR $throughput OHE
50.113
47.315
44.725
44.592
44.439
44.257
44.707
44.243
44.635
44.561
44.395
44.032
44.392
44.402
44.200
44.382
44.143
44.333
44.413
44.292
44.389
44.223
44.265
45.274
44.591
44.478
44.298
44.136
44.312
44.256
44.402
44.294
44.261
44.397
44.611
44.304
44.612
44.012
44.698
44.253
44.157
44.182
48.887
44.508
43.306
43.029
43.785
43.080
45.106
43.066
>>>llvm DT $throughput OHE
3.567
3.550
4.375
4.543
4.434
4.427
4.322
3.906
3.982
4.344
4.478
4.436
4.365
3.966
3.981
4.186
3.774
3.521
3.617
4.057
3.687
3.496
3.466
3.838
3.772
3.445
3.401
3.368
3.367
3.315
3.356
3.289
3.327
3.398
3.271
3.313
3.319
3.567
3.428
3.393
3.468
3.402
3.354
3.348
3.429
3.196
3.285
3.338
3.266
3.307
>>>llvm LR $throughput OHE
0.143
0.135
0.135
0.137
0.131
0.169
0.169
0.146
0.157
0.162
0.145
0.137
0.132
0.132
0.156
0.143
0.136
0.136
0.165
0.173
0.172
0.156
0.143
0.136
0.136
0.141
0.141
0.141
0.134
0.128
0.146
0.176
0.143
0.165
0.173
0.173
0.181
0.163
0.169
0.180
0.162
0.161
0.176
0.165
0.169
0.165
0.153
0.141
0.134
0.128
>>>llvm KR $throughput OHE
121.258
115.236
257.666
274.788
276.498
290.438
272.805
275.221
278.829
279.706
274.486
285.858
284.267
275.908
271.988
276.639
288.174
280.986
194.031
110.316
112.958
116.446
113.348
116.019
114.767
116.136
117.104
116.983
114.189
116.544
119.384
115.399
115.073
116.519
118.091
118.960
123.185
122.102
121.928
123.063
121.277
122.179
114.979
115.143
115.467
117.142
123.729
130.783
119.208
116.221

>>>llvm RF $latency OHE
214.565
234.794
247.180
226.755
224.240
227.308
224.833
224.058
225.498
223.680
224.099
223.863
223.152
222.819
223.380
339.605
667.406
769.596
753.115
751.869
470.714
400.856
413.356
412.007
358.881
212.889
219.247
223.795
217.227
234.977
242.181
223.972
224.290
222.866
222.274
223.740
223.634
222.881
226.475
215.833
208.934
214.413
219.535
211.706
216.573
220.789
226.715
220.448
216.265
232.541

>>>llvm knn $latency OHE
2.740
2.941
2.837
2.741
2.735
2.704
2.773
2.986
2.649
2.661
2.599
2.655
2.567
2.792
2.633
2.565
2.612
2.553
2.618
2.593
2.557
2.580
2.563
2.549
2.601
2.593
2.546
2.568
2.612
2.582
2.553
2.598
2.589
2.558
2.598
2.624
2.563
2.565
2.578
2.628
2.585
2.602
2.612
2.621
2.592
2.674
2.586
2.633
2.601
2.621
>>>llvm DT $latency OHE
4.239
3.789
3.820
3.865
3.733
4.125
3.882
3.892
3.742
3.948
4.130
3.921
3.997
4.014
4.262
3.761
3.757
4.039
4.060
4.138
3.879
4.055
4.039
4.099
5.318
7.134
7.181
7.704
7.726
7.398
7.916
6.099
6.491
5.999
6.292
6.413
5.985
6.559
7.745
7.131
6.606
7.130
6.991
5.625
5.618
5.346
4.701
4.256
4.020
3.898
>>>llvm LR $latency OHE
0.367
0.289
0.298
0.251
0.230
0.228
0.253
0.294
0.283
0.183
0.343
0.215
0.246
0.168
0.253
0.315
0.349
0.260
0.150
0.261
0.152
0.224
0.203
0.334
0.221
0.221
0.233
0.218
0.177
0.240
0.225
0.162
0.243
0.174
0.224
0.195
0.258
0.183
0.384
0.184
0.336
0.309
0.268
0.167
0.381
0.344
0.196
0.315
0.158
0.263
>>>llvm KR $latency OHE
252.220
240.194
217.986
110.006
112.571
111.807
112.728
115.801
116.850
117.081
116.751
117.073
116.668
117.157
117.062
117.345
116.667
117.906
117.534
117.693
118.072
118.782
124.147
124.680
119.879
128.358
123.019
116.945
113.439
121.088
120.444
118.278
118.992
119.803
120.260
119.779
120.540
121.586
121.309
120.161
119.943
120.394
120.007
120.278
121.394
120.963
119.305
119.383
125.110
119.538
>>>wc-c1-3d RF $throughput Label

131.245
132.633
131.403
131.838
131.046
130.955
131.017
131.456
131.961
131.121
130.901
131.011
132.032
132.435
131.596
132.105
133.979
131.345
132.026
132.240
131.537
132.158
130.733
133.447
132.002
133.739
131.423
131.697
130.062
133.279
131.837
130.903
131.322
345.568
396.219
393.891
377.276
225.328
227.273
227.445
299.275
332.716
346.210
345.897
342.747
302.054
202.435
120.113
136.843
138.219
>>>wc-c1-3d knn $throughput Label
2.101
2.251
3.057
4.069
3.256
3.229
3.391
3.337
3.261
3.206
3.191
3.641
3.602
3.617
3.851
4.420
4.452
3.333
3.009
3.265
2.064
1.956
2.007
2.264
2.538
2.206
2.199
2.019
1.928
2.014
1.961
2.043
2.058
1.929
2.125
2.027
2.137
2.052
2.757
2.020
1.953
1.922
1.884
1.926
2.250
2.342
3.040
3.065
3.310
2.463
>>>wc-c1-3d DT $throughput Label
2.243
2.279
3.026
3.366
2.972
3.825
3.064
3.058
3.138
3.067
3.441
3.545
3.321
3.370
3.423
3.836
3.782
3.804
3.641
4.019
2.536
2.426
2.161
2.179
2.249
2.336
2.317
2.384
2.302
2.153
2.355
2.346
2.537
2.405
2.509
2.385
2.082
2.409
2.246
2.185
1.838
1.745
1.804
2.420
2.062
2.031
1.882
1.817
1.942
1.890
>>>wc-c1-3d LR $throughput Label
0.081
0.096
0.075
0.089
0.098
0.099
0.112
0.121
0.113
0.101
0.118
0.121
0.104
0.089
0.107
0.086
0.072
0.065
0.065
0.058
0.067
0.068
0.103
0.082
0.062
0.082
0.078
0.090
0.095
0.091
0.157
0.114
0.080
0.071
0.108
0.071
0.109
0.093
0.097
0.085
0.101
0.135
0.156
0.065
0.108
0.107
0.099
0.102
0.065
0.133
>>>wc-c1-3d KR $throughput Label
80.251
83.062
86.174
78.975
73.870
72.888
73.228
73.357
74.057
74.169
73.343
73.104
74.156
73.678
73.575
75.568
74.464
72.619
75.353
74.949
74.464
73.750
73.629
74.613
74.934
75.603
75.479
74.472
74.995
73.054
72.521
72.882
73.558
74.755
75.288
74.678
76.209
78.435
77.293
68.145
66.906
67.141
66.969
67.437
67.312
67.219
67.328
68.612
70.031
74.993

>>>wc-c1-3d RF $latency Label
163.072
167.908
169.172
166.200
168.583
167.357
168.423
168.088
169.533
167.286
167.641
166.367
166.197
166.503
167.259
166.364
166.347
165.750
167.116
169.671
173.363
322.315
279.591
452.153
456.636
444.860
451.565
451.594
440.386
453.347
452.226
451.072
393.019
161.621
167.297
166.970
165.414
168.156
165.719
168.080
165.357
166.166
168.776
168.022
168.183
169.646
168.655
174.949
165.212
165.743
>>>wc-c1-3d knn $latency Label
2.220
2.169
2.461
2.186
3.299
3.124
3.087
3.539
3.399
3.505
3.334
3.314
2.983
3.624
3.570
3.876
3.173
3.201
3.650
3.496
3.505
2.232
2.357
2.330
2.006
2.002
2.052
1.840
1.941
2.054
2.054
1.797
2.032
2.003
2.479
3.221
2.376
1.834
1.841
1.851
1.815
1.781
1.847
1.748
1.780
1.678
1.601
1.815
1.882
1.679
>>>wc-c1-3d DT $latency Label
3.175
3.908
3.894
3.798
3.817
3.463
3.418
3.151
2.738
3.184
2.959
3.394
3.564
3.016
2.972
3.122
3.084
3.001
3.107
2.806
3.517
3.362
3.010
3.244
3.154
3.702
3.145
3.133
3.031
2.809
2.836
2.726
2.899
2.666
2.792
2.483
2.681
2.768
2.760
2.702
2.581
2.541
2.581
2.563
2.768
2.542
2.902
2.577
2.759
2.767
>>>wc-c1-3d LR $latency Label
0.118
0.079
0.074
0.067
0.069
0.089
0.097
0.073
0.070
0.084
0.103
0.156
0.142
0.127
0.128
0.116
0.109
0.110
0.084
0.084
0.119
0.166
0.050
0.088
0.112
0.129
0.105
0.078
0.188
0.188
0.043
0.062
0.144
0.148
0.139
0.127
0.111
0.163
0.265
0.180
0.160
0.177
0.119
0.107
0.108
0.078
0.137
0.167
0.181
0.161
>>>wc-c1-3d KR $latency Label
73.370
68.894
68.744
70.423
72.102
71.832
72.128
72.035
72.170
71.717
71.455
70.813
70.728
71.785
76.662
79.704
75.999
71.764
71.613
71.919
70.784
70.697
70.604
72.410
71.659
71.630
71.406
71.498
71.549
71.671
70.418
70.354
71.995
71.486
71.403
71.782
71.704
71.409
93.978
132.235
131.503
142.651
132.586
133.328
129.719
114.073
121.662
115.313
116.497
120.850
>>>wc-c1-3d RF $throughput OHE
788.663
599.622
578.070
493.509
474.805
344.535
346.016
342.841
341.497
340.964
342.672
342.799
333.873
324.087
345.312
335.400
340.340
345.689
347.150
327.634
333.658
331.121
335.733
343.452
347.741
786.516
1063.784
950.684
983.531
984.073
1053.655
639.462
334.047
338.849
351.217
353.021
349.553
361.688
364.357
339.055
727.457
782.501
735.456
354.323
350.201
345.312
348.514
351.947
352.559
353.231
>>>wc-c1-3d knn $throughput OHE
4.552
4.877
6.483
6.875
6.988
7.401
7.121
7.930
5.856
5.013
5.045
4.586
4.220
4.123
4.184
4.563
4.136
4.100
3.847
4.313
3.954
4.068
4.131
4.267
4.532
4.441
4.231
4.133
4.439
3.862
4.296
3.944
4.214
4.187
4.274
4.197
4.238
4.430
4.102
4.215
4.568
4.066
3.863
3.920
3.986
4.116
3.945
4.164
3.870
3.968
>>>wc-c1-3d SVR $throughput OHE
94.864
71.666
57.049
95.841
125.847
125.275
125.299
125.739
103.239
116.734
121.889
124.982
125.916
119.204
111.610
105.389
119.961
89.879
43.577
44.446
45.042
45.567
45.368
46.036
45.899
45.932
46.202
45.935
46.021
46.275
46.642
45.869
46.319
46.070
45.928
46.237
46.118
46.135
46.284
46.153
46.201
46.405
46.217
47.079
46.455
46.353
46.456
46.560
47.875
45.238
>>>wc-c1-3d DT $throughput OHE
10.615
10.039
9.811
10.964
9.724
9.223
9.085
9.813
9.403
8.922
9.089
9.231
9.179
9.124
9.120
9.026
8.942
8.884
10.325
9.796
9.468
9.144
9.157
9.280
9.228
9.266
9.430
9.387
9.415
9.414
9.327
9.563
9.321
9.252
9.356
9.376
9.408
9.234
9.168
9.452
9.169
9.448
9.394
9.209
9.298
9.300
9.241
9.262
9.230
9.244
>>>wc-c1-3d LR $throughput OHE
0.139
0.119
0.120
0.122
0.128
0.120
0.139
0.178
0.138
0.114
0.115
0.119
0.114
0.113
0.121
0.112
0.113
0.117
0.124
0.113
0.111
0.117
0.111
0.119
0.111
0.114
0.116
0.117
0.112
0.112
0.119
0.109
0.114
0.111
0.119
0.109
0.113
0.112
0.121
0.110
0.118
0.113
0.119
0.113
0.109
0.118
0.111
0.116
0.117
0.112
>>>wc-c1-3d KR $throughput OHE
269.014
302.284
290.622
281.545
280.708
278.644
282.134
278.012
281.213
280.977
273.781
205.563
151.026
150.569
151.451
150.829
155.491
156.277
159.453
154.456
152.643
153.040
153.642
156.743
155.163
156.717
155.008
156.336
154.592
155.271
152.148
154.227
154.900
156.009
155.691
157.223
156.663
176.757
309.508
322.687
280.436
306.026
282.034
293.557
318.677
298.745
291.465
238.966
169.182
160.600

>>>wc-c1-3d RF $latency OHE
136.466
142.911
167.012
142.685
137.762
135.044
138.714
135.313
137.663
130.703
135.092
135.959
136.406
137.027
138.203
134.108
133.737
129.470
132.899
133.800
138.245
135.946
131.271
131.112
138.822
139.308
132.246
138.292
134.508
130.393
133.677
130.223
135.132
134.924
129.834
136.774
129.480
130.884
139.980
131.466
131.110
134.444
132.553
131.328
137.736
239.927
296.554
258.027
249.841
247.692
>>>wc-c1-3d knn $latency OHE
3.162
3.167
3.070
3.113
3.221
3.073
3.029
3.246
3.432
3.454
3.387
3.514
3.436
3.929
3.444
3.755
3.313
3.354
3.348
3.246
3.249
3.315
3.370
3.805
4.265
4.109
3.992
3.896
3.326
3.407
3.280
3.030
3.290
3.178
3.094
3.003
3.870
3.933
3.749
5.242
3.891
2.973
3.247
3.184
3.444
3.347
3.196
3.009
2.969
2.997

>>>wc-c1-3d DT $latency OHE

9.961
10.464
10.334
11.216
10.014
10.096
12.317
10.779
11.536
10.199
9.441
9.717
9.566
9.367
9.632
9.408
9.251
9.253
9.376
9.412
9.225
9.527
9.169
9.495
9.548
9.437
9.429
9.654
9.755
9.189
9.184
9.409
9.514
9.638
9.559
15.604
17.447
11.565
9.734
9.532
9.319
9.560
9.445
10.945
11.463
11.688
10.410
9.474
9.454
9.475


>>>wc-c1-3d LR $latency OHE

0.130
0.130
0.114
0.146
0.117
0.124
0.137
0.117
0.124
0.123
0.114
0.126
0.125
0.119
0.118
0.126
0.121
0.129
0.136
0.141
0.144
0.129
0.129
0.137
0.130
0.125
0.123
0.133
0.134
0.132
0.126
0.122
0.122
0.123
0.130
0.125
0.122
0.123
0.118
0.129
0.132
0.128
0.122
0.125
0.125
0.120
0.118
0.117
0.122
0.116


>>>wc-c1-3d KR $latency OHE
139.392
151.905
151.390
151.952
150.809
148.541
149.569
120.431
72.787
66.719
66.446
66.906
67.061
68.017
68.383
68.546
68.709
68.999
68.546
68.528
68.156
68.156
67.187
68.328
68.765
68.204
68.224
68.182
67.471
67.695
66.903
67.438
66.948
69.257
68.174
68.173
68.796
67.635
69.999
72.639
72.054
71.772
72.817
73.272
73.295
73.860
73.205
73.095
73.267
73.139









