Random Forest – One hot encoder – sort-256 -$b
	[2.089, 2.304, 2.096, 1.823, 2.391, 2.274, 2.155, 2.344, 2.536, 2.497, 2.177, 1.803, 2.681, 1.908, 2.497, 2.342, 1.784, 2.178, 2.336, 2.064, 2.089, 2.258, 2.171, 2.136, 2.196, 2.392, 2.284, 2.881, 2.061, 2.481, 3.050, 2.120, 1.927, 3.214, 1.934, 1.976, 2.533, 1.669, 1.852, 3.120, 2.313, 3.230, 2.468, 1.786, 3.163, 1.926, 2.062, 2.179, 2.119, 2.238]

	knn – One hot encoder – sort-256 -$b
	[2.455, 2.180, 1.957, 1.908, 3.125, 2.714, 2.441, 2.411, 2.480, 2.341, 2.294, 1.637, 2.422, 1.816, 2.508, 2.657, 1.645, 2.408, 3.119, 2.514, 2.168, 2.924, 2.944, 2.241, 2.191, 2.364, 2.714, 2.038, 2.412, 2.522, 3.125, 2.084, 1.955, 3.312, 1.894, 1.832, 2.070, 1.893, 2.306, 3.067, 2.816, 3.045, 2.726, 1.891, 3.353, 2.071, 2.042, 2.159, 2.300, 2.219]
	
 SVR – One hot encoder – sort-256 -$b
	[2.304, 2.134, 1.940, 1.886, 2.449, 2.365, 2.130, 2.244, 2.371, 2.404, 2.112, 1.731, 2.340, 1.853, 2.283, 2.265, 1.594, 2.239, 2.576, 1.960, 2.062, 2.421, 2.449, 2.049, 2.180, 2.124, 2.623, 2.321, 1.892, 2.220, 2.639, 1.817, 1.924, 3.072, 1.889, 1.876, 2.112, 1.540, 1.823, 2.813, 2.347, 2.677, 2.390, 1.666, 3.008, 1.800, 2.069, 2.276, 2.240, 2.216]
	
 Decision tree – One hot encoder – sort-256 -$b
	[2.416, 2.561, 2.153, 2.109, 2.455, 2.532, 2.270, 2.793, 2.517, 2.636, 2.725, 1.987, 2.845, 1.976, 2.074, 2.629, 1.846, 2.670, 2.417, 2.036, 2.112, 2.332, 2.119, 2.331, 2.314, 2.583, 2.535, 2.780, 1.741, 2.433, 3.304, 2.036, 1.914, 3.432, 2.390, 1.997, 2.456, 1.969, 1.885, 3.457, 2.534, 3.353, 2.649, 1.915, 3.089, 2.143, 2.429, 2.395, 2.654, 2.382]
	
 Linear regression – One hot encoder – sort-256 -$b
	[2.134, 2.481, 2.151, 2.192, 2.196, 2.502, 2.388, 2.046, 2.527, 2.669, 2.232, 2.019, 2.359, 1.981, 2.447, 2.487, 1.728, 2.411, 2.406, 1.966, 2.022, 2.360, 2.280, 2.056, 2.528, 2.366, 2.575, 2.837, 1.834, 2.556, 3.128, 1.927, 1.925, 3.145, 2.313, 2.023, 2.489, 1.783, 1.961, 2.890, 2.416, 3.025, 2.715, 1.687, 3.087, 1.971, 2.034, 2.481, 2.672, 2.508]
	
 Kernel ridge – One hot encoder – sort-256 -$b
	[4.728, 7.250, 5.617, 6.061, 8.084, 5.629, 6.462, 7.268, 7.076, 6.274, 7.420, 6.338, 4.267, 6.913, 6.922, 5.843, 8.247, 7.520, 5.266, 5.761, 7.265, 5.269, 6.559, 7.575, 4.484, 5.020, 7.994, 5.688, 7.105, 5.673, 6.696, 6.667, 7.591, 7.314, 5.281, 4.395, 6.509, 5.983, 5.928, 6.066, 7.603, 6.215, 6.289, 6.630, 6.900, 6.259, 6.795, 7.215, 5.607, 4.446]
	
 Random Forest – One hot encoder – sort-256 -$a
	[1.404, 2.574, 1.510, 1.435, 1.680, 2.272, 1.920, 1.779, 1.779, 1.857, 1.538, 1.933, 1.760, 1.927, 1.619, 2.172, 1.456, 1.590, 2.681, 1.927, 1.958, 1.849, 1.854, 1.384, 1.513, 1.860, 2.257, 2.174, 1.893, 2.241, 1.720, 1.727, 1.092, 1.438, 2.839, 2.151, 1.813, 2.081, 2.037, 1.362, 1.685, 1.850, 1.198, 1.453, 1.991, 1.261, 1.524, 2.204, 1.223, 2.082]
	
 knn – One hot encoder – sort-256 -$a
	[1.459, 2.363, 1.550, 1.420, 2.002, 1.940, 1.634, 1.518, 1.289, 1.394, 1.469, 1.872, 1.801, 2.036, 1.406, 2.488, 1.874, 1.498, 2.178, 1.739, 1.931, 2.067, 2.520, 1.351, 1.333, 1.992, 1.922, 1.998, 1.850, 2.058, 1.770, 1.656, 1.005, 1.298, 2.221, 1.863, 1.862, 2.030, 1.869, 1.314, 1.758, 1.733, 1.091, 1.328, 2.422, 1.204, 1.301, 1.594, 0.945, 2.020]
	
 SVR – One hot encoder – sort-256 -$a
	[1.417, 2.324, 1.585, 1.377, 1.803, 1.670, 1.739, 1.566, 1.058, 1.559, 1.632, 1.919, 1.896, 1.905, 1.503, 2.247, 1.214, 1.422, 2.379, 1.635, 1.805, 1.706, 1.594, 1.489, 1.392, 1.784, 1.747, 1.973, 1.980, 1.861, 1.593, 1.704, 1.127, 1.383, 2.249, 1.948, 1.568, 1.905, 1.869, 1.164, 1.633, 1.836, 1.179, 1.350, 2.350, 1.128, 1.500, 1.449, 0.962, 1.930]
	
 Decision tree – One hot encoder – sort-256 -$a
	[1.459, 3.446, 1.576, 1.538, 2.047, 2.330, 2.085, 1.433, 1.394, 2.266, 1.749, 1.780, 1.676, 2.083, 1.508, 2.133, 1.964, 1.681, 2.387, 2.229, 1.583, 2.675, 1.705, 1.530, 1.342, 1.782, 2.269, 2.119, 2.398, 2.758, 2.026, 1.550, 1.645, 1.380, 2.864, 2.379, 2.297, 2.232, 1.629, 1.706, 1.775, 1.800, 1.390, 1.442, 3.304, 1.217, 1.494, 1.965, 0.974, 2.386]
	
 Linear regression – One hot encoder – sort-256 -$a
	[1.459, 2.154, 1.518, 1.400, 1.948, 1.912, 1.632, 1.513, 1.254, 1.483, 1.533, 1.862, 1.790, 2.020, 1.391, 2.428, 1.262, 1.450, 2.070, 1.747, 1.847, 2.111, 1.666, 1.355, 1.400, 1.825, 1.868, 1.980, 1.911, 2.133, 1.744, 1.684, 1.035, 1.259, 2.176, 1.831, 1.911, 2.078, 1.939, 1.245, 1.761, 1.701, 1.072, 1.356, 2.294, 1.204, 1.353, 1.621, 0.972, 2.082]
	
 Kernel ridge – One hot encoder – sort-256 -$a
	[1.659, 7.064, 6.105, 5.263, 6.816, 7.750, 7.315, 5.430, 3.398, 5.670, 6.101, 9.277, 4.532, 6.288, 6.482, 9.342, 7.001, 7.210, 5.345, 7.161, 7.135, 7.122, 5.407, 8.555, 5.528, 7.917, 7.776, 7.483, 7.014, 9.118, 6.061, 5.993, 6.576, 4.143, 10.373, 5.938, 4.459, 8.054, 9.541, 4.419, 3.160, 6.293, 5.411, 5.317, 7.964, 1.244, 4.677, 6.724, 2.366, 5.990]
	
 Random Forest – Integer encoder – sort-256 -$b
	[1.522, 1.313, 1.029, 1.108, 1.542, 1.671, 0.965, 1.423, 1.415, 1.101, 1.034, 1.007, 1.550, 1.350, 1.690, 1.522, 0.704, 1.684, 1.636, 1.415, 1.518, 1.527, 1.201, 1.797, 1.486, 1.334, 1.182, 1.435, 1.525, 1.806, 1.638, 1.440, 1.485, 1.536, 1.078, 0.874, 1.068, 1.384, 1.784, 1.151, 1.784, 1.641, 1.360, 1.323, 1.348, 1.157, 1.445, 0.876, 1.433, 1.818]
	
 knn – Integer encoder – sort-256 -$b
	[1.596, 1.539, 1.148, 1.310, 2.088, 1.814, 1.082, 1.575, 1.382, 1.264, 1.074, 1.287, 1.860, 1.375, 1.489, 1.503, 0.696, 1.798, 2.009, 1.647, 1.366, 1.505, 1.848, 1.625, 1.561, 1.254, 1.161, 1.290, 1.398, 1.796, 1.704, 1.291, 1.233, 1.575, 0.966, 1.291, 1.102, 1.074, 1.727, 1.454, 2.075, 1.485, 1.684, 1.534, 2.077, 1.164, 1.154, 1.221, 1.646, 1.902]
	
 SVR – Integer encoder – sort-256 -$b
	[1.595, 1.274, 1.144, 1.356, 2.318, 1.828, 1.294, 1.617, 1.425, 1.243, 1.008, 0.972, 1.503, 1.142, 1.708, 1.591, 0.790, 1.587, 2.242, 1.787, 1.373, 1.457, 1.961, 1.653, 1.418, 1.197, 1.222, 1.310, 1.643, 1.729, 1.939, 1.314, 1.452, 1.879, 1.020, 1.306, 1.013, 1.031, 1.577, 1.010, 1.974, 1.857, 1.125, 1.436, 1.872, 1.247, 1.218, 1.039, 1.859, 1.637]
	
 Decision tree – Integer encoder – sort-256 -$b
	[1.477, 1.642, 1.669, 1.682, 1.829, 2.473, 1.131, 1.810, 1.844, 0.779, 1.607, 1.604, 2.133, 1.632, 1.687, 1.901, 1.084, 1.797, 1.423, 1.855, 1.753, 1.932, 1.914, 1.812, 2.220, 1.648, 1.626, 2.069, 1.841, 2.619, 2.019, 1.604, 1.698, 1.991, 1.129, 1.537, 1.587, 1.382, 1.811, 1.700, 1.934, 2.131, 1.505, 1.714, 1.593, 1.198, 1.609, 1.614, 1.969, 1.550]
	
 Linear regression – Integer encoder – sort-256 -$b
	[0.786, 0.931, 0.827, 0.862, 1.465, 1.256, 0.737, 0.933, 1.213, 0.655, 1.009, 0.697, 0.973, 0.738, 1.120, 0.785, 0.547, 1.307, 1.020, 0.858, 1.214, 1.228, 0.769, 1.020, 0.796, 0.698, 0.811, 1.018, 1.130, 1.361, 0.897, 1.072, 1.298, 0.871, 0.606, 0.956, 0.563, 0.883, 1.136, 0.975, 1.053, 1.094, 0.701, 1.455, 0.906, 0.598, 0.904, 0.690, 1.183, 1.042]
	
 Kernel ridge – Integer encoder – sort-256 -$b
	[2.455, 2.035, 2.183, 2.010, 1.859, 1.849, 2.297, 2.335, 2.167, 1.757, 2.040, 2.035, 1.914, 2.752, 2.021, 2.081, 1.843, 1.859, 2.662, 2.034, 2.739, 2.026, 2.039, 1.771, 1.997, 1.726, 2.627, 2.084, 2.227, 1.800, 2.000, 2.193, 1.980, 2.126, 1.838, 2.376, 2.517, 1.843, 2.139, 1.918, 2.327, 1.969, 2.175, 1.690, 2.288, 2.040, 2.159, 1.984, 3.278, 1.859]
	
 Random Forest – Integer encoder – sort-256 -$a
	[1.329, 1.044, 0.842, 0.999, 1.322, 1.581, 0.917, 1.366, 1.197, 0.702, 1.105, 0.789, 1.599, 1.611, 1.190, 0.896, 0.733, 0.885, 1.594, 1.229, 1.181, 1.802, 1.529, 1.089, 0.999, 0.983, 1.167, 1.250, 1.091, 1.345, 1.098, 1.363, 0.829, 0.861, 0.768, 0.799, 1.122, 1.420, 1.418, 1.245, 1.692, 1.230, 1.059, 0.875, 1.548, 1.054, 0.953, 0.730, 0.600, 1.575]
	
 knn – Integer encoder – sort-256 -$a
	[1.459, 2.258, 1.337, 1.813, 2.278, 2.108, 1.993, 2.222, 2.207, 1.798, 1.585, 1.424, 2.122, 1.686, 1.227, 2.215, 1.370, 2.053, 2.776, 1.474, 2.030, 2.101, 1.919, 1.607, 1.926, 1.454, 2.120, 2.081, 1.434, 2.294, 1.245, 1.832, 1.237, 2.037, 2.274, 1.498, 2.245, 1.691, 2.038, 2.542, 1.760, 1.463, 2.279, 1.495, 1.490, 1.356, 1.394, 2.281, 1.620, 2.212]
	
 SVR – Integer encoder – sort-256 -$a
	[1.528, 1.077, 1.031, 1.199, 1.344, 1.515, 1.365, 1.651, 1.059, 0.853, 1.272, 1.069, 1.614, 1.550, 1.047, 1.764, 0.772, 0.756, 1.136, 1.223, 1.522, 1.212, 1.478, 1.273, 1.328, 1.147, 1.616, 1.303, 1.206, 1.175, 1.476, 1.614, 0.823, 0.881, 0.949, 1.481, 1.078, 1.241, 1.537, 1.258, 1.546, 1.219, 1.041, 0.997, 1.373, 1.176, 0.943, 1.030, 0.842, 1.521]
	
 Decision tree – Integer encoder – sort-256 -$a
	[1.379, 0.945, 0.916, 1.250, 1.540, 1.470, 0.850, 1.307, 1.198, 0.854, 1.066, 0.613, 1.515, 1.767, 1.296, 0.882, 0.894, 0.717, 1.459, 1.599, 1.090, 1.739, 1.916, 1.109, 0.994, 0.970, 1.139, 1.418, 1.099, 1.633, 1.288, 1.504, 0.789, 0.808, 0.830, 0.863, 1.303, 1.705, 1.467, 1.139, 1.773, 1.484, 1.082, 0.991, 1.378, 1.204, 0.896, 0.745, 0.729, 1.807]
	
 Linear regression – Integer encoder – sort-256 -$a
	[1.094, 0.748, 0.592, 0.872, 1.467, 1.484, 0.623, 1.031, 1.093, 0.557, 0.940, 0.578, 1.199, 1.311, 1.169, 0.806, 0.876, 0.764, 1.204, 1.122, 1.082, 1.347, 1.482, 0.921, 1.079, 0.792, 0.676, 0.919, 0.909, 1.119, 1.241, 1.282, 0.788, 0.790, 0.640, 0.911, 0.867, 0.985, 1.236, 1.403, 1.395, 1.078, 1.026, 0.769, 1.484, 0.893, 0.667, 1.052, 0.588, 1.173]
	
 Kernel ridge – Integer encoder – sort-256 -$a
	[5.953, 5.720, 5.357, 5.540, 4.442, 6.512, 5.470, 5.758, 5.458, 5.627, 5.353, 4.942, 4.820, 5.530, 6.078, 5.834, 5.504, 5.307, 6.122, 5.934, 5.542, 5.837, 5.236, 5.002, 5.359, 5.419, 7.765, 5.706, 4.644, 5.758, 5.695, 4.949, 5.260, 5.669, 5.016, 4.674, 5.421, 5.376, 6.374, 6.571, 5.665, 5.274, 6.376, 4.250, 5.512, 4.812, 5.113, 7.417, 4.757, 5.728]
	
 Random Forest – One hot encoder – wc-3c-3d - $throughput
	[3373.153, 3401.488, 3594.332, 4044.028, 3231.132, 3587.264, 3152.578, 3921.967, 3781.266, 4304.761, 3445.516, 3656.000, 3665.187, 3613.311, 3369.341, 3900.358, 4006.608, 3345.355, 3810.210, 3323.715, 4212.710, 3891.651, 3146.015, 3292.854, 3780.469, 3699.117, 3938.970, 3249.096, 3828.930, 3417.294, 3348.900, 3489.809, 3281.133, 3880.325, 3520.821, 3858.932, 3499.651, 3630.230, 3693.751, 3392.595, 3399.903, 3860.998, 3781.796, 3356.431, 4014.380, 3478.588, 3104.196, 3433.561, 3407.724, 3911.345]
	
 knn – One hot encoder – wc-3c-3d - $throughput
	[3343.453, 3837.263, 2786.791, 3395.105, 3015.181, 2971.782, 3028.486, 3492.305, 4114.205, 4047.731, 3070.184, 3213.631, 3497.817, 3664.882, 3289.776, 3829.798, 3761.225, 2799.902, 4088.218, 3003.484, 3307.990, 3153.044, 3536.458, 3619.106, 3694.515, 3168.227, 3771.666, 2989.699, 3354.212, 3425.667, 3403.792, 3543.084, 4112.016, 3825.797, 3098.423, 3868.124, 3141.924, 3800.361, 3164.249, 3127.363, 3239.904, 3412.579, 3111.291, 3873.745, 4080.337, 2938.693, 3371.304, 3187.147, 3047.220, 3516.833]
	
 SVR – One hot encoder – wc-3c-3d - $throughput
	[3538.384, 3604.131, 3395.605, 3795.687, 3638.913, 3729.543, 3594.150, 4009.962, 3948.711, 4276.794, 3414.048, 3652.021, 3932.977, 3536.564, 3597.528, 3808.618, 3854.408, 3327.811, 4014.561, 3590.967, 3614.405, 3959.138, 3562.614, 4007.768, 3955.597, 3684.088, 4112.835, 3664.487, 3759.952, 3409.381, 3863.318, 3752.134, 3596.098, 4001.246, 3617.315, 3571.741, 3921.862, 4084.295, 3799.027, 3734.075, 3595.706, 3757.842, 3792.881, 3890.629, 4170.547, 3682.466, 3850.087, 3476.134, 3590.877, 3754.745]
	
 Decision Tree – One hot encoder – wc-3c-3d - $throughput
	[4163.962, 3440.666, 3866.091, 4414.998, 3107.046, 3241.502, 3326.435, 3631.732, 3723.676, 5176.029, 3363.052, 3461.862, 3527.299, 3873.643, 3148.435, 4100.996, 3598.899, 3066.111, 4584.301, 3309.148, 3346.723, 3561.524, 3483.586, 3462.917, 3678.475, 3420.104, 3610.946, 3207.804, 4321.290, 3392.572, 4218.154, 4478.653, 3208.326, 4393.207, 3448.299, 3475.778, 3444.559, 3628.654, 3289.009, 3653.257, 4229.074, 4246.527, 3472.944, 3410.604, 4168.098, 3237.339, 3452.028, 4079.803, 4307.730, 3498.591]
	
 Linear Regression – One hot encoder – wc-3c-3d - $throughput
	[3436.857, 3662.972, 3338.569, 3955.689, 3446.906, 3613.390, 3620.978, 3900.139, 4007.713, 4350.669, 3530.616, 3724.293, 3842.121, 3712.599, 3479.555, 3615.312, 3999.720, 3450.448, 3953.481, 3467.123, 3712.743, 3948.008, 3632.006, 3739.773, 4026.562, 3816.661, 4061.965, 3571.789, 3606.902, 3519.484, 3823.348, 3880.982, 3361.784, 3933.738, 3720.251, 3668.081, 3819.909, 3966.544, 3698.201, 3772.713, 3553.494, 3767.372, 3839.702, 3593.098, 4213.923, 3548.471, 3691.598, 3581.183, 3700.320, 3854.887]
	
 Kernel Ridge – One hot encoder – wc-3c-3d - $throughput
	[6181.799, 6495.821, 6497.589, 6327.171, 6665.887, 6358.303, 6640.287, 6321.279, 6191.049, 6776.540, 6558.243, 6540.700, 6271.704, 6189.625, 6429.499, 6832.203, 6868.901, 6692.868, 6492.697, 7275.090, 7066.035, 5947.188, 6552.231, 6433.561, 6505.496, 6394.234, 7636.369, 6860.971, 6528.313, 6671.404, 6782.078, 6213.050, 6449.382, 6511.286, 6611.352, 6540.694, 6590.245, 6575.329, 6158.261, 6656.762, 6856.027, 7359.607, 5927.576, 6659.292, 6425.310, 6545.830, 6937.037, 6638.790, 6523.021, 6579.491]
	
 Random Forest – One hot encoder – wc-3c-3d - $latency
	[9260.799, 11466.845, 9181.343, 10276.332, 10602.169, 10710.342, 10625.073, 13586.170, 13229.410, 11682.821, 8817.756, 11320.760, 11186.244, 13661.397, 10179.651, 14411.657, 12237.375, 9649.399, 8830.364, 10001.433, 13279.554, 10521.761, 9540.992, 12817.987, 14625.626, 10020.327, 10981.461, 8778.246, 8188.327, 11397.069, 13316.742, 10934.349, 9028.212, 9279.791, 13463.930, 12558.250, 11433.924, 9024.625, 10020.034, 11980.284, 11734.314, 12000.229, 14382.570, 10192.871, 12381.066, 9200.604, 10093.772, 8528.529, 11395.091, 10887.289]
	
 knn – One hot encoder – wc-3c-3d - $latency
	[9250.532, 11505.981, 9163.891, 10248.407, 10577.742, 10630.168, 10619.125, 13594.450, 13225.475, 11664.388, 8810.816, 11297.609, 11150.897, 13706.689, 10146.430, 13903.245, 12233.968, 9641.467, 8827.718, 9984.468, 13169.550, 10498.246, 9547.231, 12832.204, 14428.600, 9985.971, 10888.038, 8773.455, 8178.134, 11388.929, 13075.429, 10914.157, 9037.567, 9269.036, 13163.252, 12499.971, 11403.182, 9037.918, 9935.352, 11948.343, 11588.577, 11992.077, 14276.862, 10203.774, 12398.295, 9174.699, 9872.328, 8523.284, 11374.120, 10750.579]
	
 SVR – One hot encoder – wc-3c-3d - $latency
	[9257.479, 11481.559, 9180.089, 10263.236, 10590.183, 10641.670, 10625.729, 13592.769, 13208.777, 11671.220, 8820.425, 11301.945, 11150.391, 13938.931, 10164.173, 13902.303, 12225.984, 9650.520, 8820.005, 9989.614, 13161.171, 10518.179, 9539.819, 12833.952, 14421.502, 10007.596, 10912.215, 8781.579, 8178.697, 11380.737, 13080.983, 10917.154, 9016.116, 9271.562, 13167.377, 12478.994, 11407.746, 9025.485, 9941.567, 11969.056, 11620.605, 11996.616, 14303.189, 10195.818, 12386.377, 9188.650, 9867.101, 8525.900, 11384.648, 10741.899]
	
 Decision Tree – One hot encoder – wc-3c-3d - $latency
	[9263.256, 11472.589, 9171.616, 10278.817, 10583.135, 10638.522, 10619.615, 13585.036, 13196.658, 11686.908, 8813.298, 11290.681, 11140.801, 13685.124, 10157.326, 13910.556, 12209.436, 9641.710, 8835.421, 9981.519, 13149.173, 10510.078, 9527.573, 12815.743, 14414.071, 10024.204, 10899.258, 8773.607, 8195.201, 11371.233, 13094.937, 10936.197, 9011.242, 9280.088, 13156.626, 12470.571, 11397.882, 9023.927, 9934.299, 11963.764, 11635.394, 12010.032, 14296.604, 10183.848, 12378.871, 9175.400, 9860.460, 8507.589, 11376.608, 10735.064]
	
 Linear Regression – One hot encoder – wc-3c-3d - $latency
	[9460.318, 11968.593, 9496.189, 10684.534, 11024.104, 10991.000, 11069.804, 14242.180, 13793.325, 12296.482, 9157.484, 11866.121, 11618.387, 14410.120, 10433.225, 14549.980, 12861.633, 10001.280, 9115.028, 10409.151, 13944.277, 10942.227, 9935.583, 13410.991, 15120.412, 10390.626, 11527.069, 9026.232, 8413.339, 11909.084, 13679.561, 11351.319, 9317.339, 9564.443, 13772.027, 13033.438, 11883.888, 9437.425, 10298.599, 12563.741, 12093.165, 12648.815, 14935.560, 10623.691, 13059.438, 9438.834, 10296.832, 8820.883, 11947.756, 11164.864]
	
 Kernel Ridge – One hot encoder – wc-3c-3d - $latency
	[9334.370, 11600.084, 9276.238, 10372.048, 10698.846, 10744.228, 10733.276, 13724.517, 13337.753, 11783.757, 8926.070, 11421.981, 11267.096, 13808.838, 10255.510, 14010.575, 12345.339, 9750.014, 8921.316, 10085.303, 13283.889, 10644.808, 9648.053, 12945.419, 14550.523, 10111.695, 11021.156, 8871.037, 8272.849, 11493.860, 13188.786, 11030.283, 9112.709, 9362.636, 13280.483, 12598.740, 11520.002, 9146.797, 10055.454, 12089.865, 11720.503, 12100.564, 14438.165, 10299.950, 12518.300, 9277.907, 9974.417, 8620.502, 11504.531, 10854.120]
	
 Random Forest – Integer encoder – wc-3c-3d - $throughput
	[2525.741, 1807.884, 1910.382, 1778.471, 2816.583, 2709.892, 1838.467, 2168.187, 1826.257, 1718.031, 2347.899, 1903.194, 3152.675, 1725.835, 2621.298, 2011.460, 1820.949, 1853.466, 2748.536, 2189.719, 2712.928, 1866.306, 2078.835, 1824.290, 1693.888, 1745.444, 2750.902, 2657.915, 2536.867, 2110.075, 2097.993, 1590.772, 2080.626, 2940.497, 1822.724, 2116.876, 3265.916, 3192.797, 2846.202, 2344.827, 2136.130, 1784.169, 1969.358, 2215.251, 1819.862, 2620.316, 1893.113, 2365.386, 1886.083, 1672.880]
	
 knn - Integer encoder – wc-3c-3d - $throughput
	[2530.312, 1813.969, 1969.649, 1793.459, 2898.392, 2568.261, 2004.573, 2146.526, 1871.897, 1874.775, 2678.156, 2051.028, 3056.131, 1585.220, 2457.544, 2533.605, 1878.976, 2092.255, 2637.822, 2383.754, 2603.861, 1849.838, 2186.601, 2027.320, 2036.016, 1812.640, 2931.592, 2510.331, 2466.189, 1872.139, 2093.275, 1748.413, 2716.315, 3158.990, 1916.401, 1838.461, 3246.601, 3006.877, 2758.484, 2239.906, 2070.805, 2125.087, 1935.783, 2586.395, 2096.991, 2494.245, 2282.818, 2516.100, 1837.180, 1962.652]
	
	SVR - Integer encoder – wc-3c-3d - $throughput
	[2654.196, 3023.503, 2876.535, 3276.258, 2702.554, 2752.881, 2915.442, 3184.878, 3307.724, 3317.615, 2879.438, 3089.871, 3021.073, 3365.898, 2627.678, 3118.092, 3188.274, 3098.779, 2964.296, 2887.832, 2912.735, 3169.060, 3082.113, 3132.293, 3096.092, 3139.048, 3164.751, 2734.965, 2775.064, 2926.765, 2908.782, 3138.261, 2957.673, 3026.721, 3069.501, 3135.391, 3110.087, 3048.706, 2839.146, 3221.840, 2765.735, 2897.678, 3225.335, 2990.091, 3376.690, 2678.084, 3062.921, 2945.421, 3044.916, 3063.518]
	
 Decision Tree – Integer encoder – wc-3c-3d - $throughput
	[2533.536, 1737.012, 1383.835, 3797.905, 2719.946, 2548.435, 1432.983, 2041.454, 3192.205, 2487.454, 2256.488, 2026.397, 3827.773, 2233.916, 2571.969, 2304.996, 2033.865, 1833.007, 2883.260, 1349.401, 3069.218, 1643.426, 2058.807, 2435.386, 1611.823, 1939.985, 2876.804, 2608.712, 2517.552, 2018.069, 1500.837, 1376.729, 2021.940, 2965.867, 1932.257, 2380.452, 3431.281, 3405.408, 3104.733, 2385.031, 2004.304, 2031.053, 1580.693, 2199.000, 1825.991, 2781.288, 2122.426, 2100.698, 2013.038, 1976.106]
	
 Linear Regression – Integer encoder – wc-3c-3d - $throughput
	[2732.841, 2688.350, 2983.837, 3027.625, 3039.360, 3015.768, 3028.900, 3258.361, 3026.259, 3169.210, 3188.606, 3073.254, 3314.204, 2906.015, 2763.812, 3105.483, 3166.747, 3331.436, 2851.225, 3007.402, 3036.999, 3165.092, 2972.073, 3205.309, 3044.602, 2979.609, 3254.596, 3148.238, 2821.799, 2972.724, 3044.760, 2783.228, 3115.617, 3053.259, 3029.351, 2995.068, 3265.705, 3496.258, 2965.154, 3500.009, 2737.382, 3098.515, 2898.043, 3280.665, 3141.065, 2873.629, 3239.540, 3030.563, 3006.898, 3024.607]
	
 Kernel Ridge – Integer encoder – wc-3c-3d - $throughput
	[7736.011, 7556.720, 7528.413, 8217.742, 7493.890, 7657.241, 7804.107, 7723.421, 7593.250, 7897.973, 7817.943, 8013.764, 7969.414, 7050.395, 7523.418, 8499.829, 8136.491, 7400.909, 8134.537, 7520.238, 7655.628, 7662.377, 7350.955, 8005.978, 7638.639, 8401.989, 8331.129, 7695.784, 7684.828, 7516.214, 8213.317, 7623.073, 7697.332, 8540.472, 7842.224, 7857.290, 7846.421, 7829.984, 7475.593, 7494.002, 7966.418, 8362.978, 7288.575, 8049.003, 7484.841, 7497.962, 7645.427, 8112.752, 7763.941, 7404.072]
	
 Random Forest – Integer encoder – wc-3c-3d - $latency
	[9229.076, 11269.064, 9013.055, 10025.466, 10575.676, 10611.257, 10442.635, 13356.999, 12990.806, 11600.756, 8690.413, 11114.062, 11133.040, 11241.813, 10137.218, 13711.721, 11990.724, 9461.866, 8791.742, 9838.294, 13028.667, 10328.112, 9343.616, 12603.930, 14195.089, 9795.698, 10874.258, 8769.703, 8155.529, 11164.543, 12864.903, 10702.968, 8887.762, 9236.745, 12950.195, 12253.423, 11393.047, 9008.241, 9930.773, 11774.272, 11565.070, 11797.935, 14078.820, 10104.839, 12271.993, 9165.077, 9670.208, 8376.979, 11179.239, 10537.505]
	
 knn – Integer encoder – wc-3c-3d - $latency
	[9222.174, 11263.477, 9034.409, 10023.360, 10576.336, 10601.035, 10474.406, 13366.393, 12976.980, 11642.045, 8736.936, 11094.679, 11121.046, 11261.447, 10150.107, 13720.374, 11991.976, 9462.447, 8778.682, 9871.690, 13033.054, 10326.153, 9346.706, 12612.007, 14192.236, 9800.420, 10878.361, 8756.701, 8137.452, 11169.415, 12896.521, 10682.522, 8931.239, 9254.994, 12937.317, 12250.741, 11386.565, 8988.010, 9925.619, 11770.727, 11549.251, 11825.321, 14067.838, 10112.381, 12276.497, 9145.412, 9667.686, 8442.996, 11178.806, 10533.320]
	
 SVR – Integer encoder – wc-3c-3d - $latency
	[9249.972, 11484.007, 9181.075, 10257.916, 10591.773, 10644.283, 10629.008, 13593.906, 13209.582, 11661.276, 8822.979, 11304.240, 11154.657, 13938.422, 10167.631, 13895.784, 12224.134, 9651.006, 8816.868, 9990.286, 13164.493, 10522.046, 9541.177, 12830.308, 14423.706, 10005.901, 10911.285, 8782.227, 8176.311, 11383.509, 13076.265, 10914.170, 9017.824, 9265.666, 13167.840, 12481.866, 11409.309, 9030.254, 9945.316, 11968.961, 11618.024, 11990.999, 14304.101, 10195.792, 12390.147, 9189.133, 9869.894, 8524.431, 11385.816, 10743.616]
	
 Decision Tree – Integer encoder – wc-3c-3d - $latency
	[9228.362, 11274.330, 8994.596, 10024.996, 10577.303, 10635.628, 10426.017, 13359.980, 12981.023, 11910.771, 8792.182, 11110.803, 11247.844, 14294.161, 10140.049, 13640.549, 11992.876, 9462.895, 8791.170, 9821.870, 13129.164, 10322.765, 9345.785, 12600.913, 14313.668, 9816.901, 10884.892, 8773.344, 8151.428, 11165.683, 12840.043, 10705.104, 8813.303, 9240.226, 12942.561, 12249.928, 11398.206, 8998.653, 9934.131, 11774.857, 11605.080, 11976.285, 14075.788, 9987.063, 12164.454, 9161.930, 9664.213, 8322.691, 11177.272, 10539.215]
	
 Linear Regression – Integer encoder – wc-3c-3d - $latency
	[10364.658, 13671.331, 10519.150, 11885.408, 12662.693, 12216.013, 12238.252, 16273.464, 15890.207, 13747.814, 10215.633, 13160.212, 13041.422, 16565.149, 11592.574, 16271.813, 14796.992, 11158.861, 10117.526, 11486.582, 15660.730, 12609.449, 10995.673, 15311.776, 17443.842, 11346.268, 12675.716, 9861.889, 9409.652, 13545.757, 15262.153, 12682.937, 10279.952, 10409.221, 15510.307, 14844.189, 13328.112, 10929.256, 11766.957, 14298.830, 13556.622, 14001.640, 17381.039, 11868.594, 14780.744, 10431.896, 11313.276, 9693.776, 13416.078, 12739.328]
	
 Kernel Ridge – Integer encoder – wc-3c-3d - $latency
	[9868.962, 12739.310, 9916.637, 11326.899, 11564.358, 11515.759, 11590.982, 15295.349, 14825.838, 12937.755, 9564.423, 12490.038, 12310.676, 15366.575, 10853.955, 15526.928, 13657.793, 10430.150, 9584.031, 10769.208, 14749.061, 11597.469, 10390.615, 14273.626, 16214.686, 10922.409, 11980.045, 9367.196, 8801.323, 12531.549, 14581.897, 12063.345, 9716.978, 10002.270, 14587.547, 13914.338, 12462.883, 9900.245, 10884.708, 13264.598, 12744.113, 13258.495, 16145.073, 11134.700, 13838.063, 9817.096, 10702.214, 9187.151, 12710.897, 11771.271]
	
 Random Forest – One hot encoder – wc+wc-c4-3d - $throughput
	[14646.488, 11139.547, 13900.742, 10574.693, 12953.055, 11503.312, 13099.538, 9212.983, 14054.663, 9352.996, 15300.153, 9608.823, 13885.902, 9631.305, 10536.344, 7579.442, 12237.846, 11168.052, 12431.395, 11239.915, 11754.274, 3344.988, 10604.729, 7424.661, 12715.049, 9388.079, 12656.248, 12727.953, 12521.526, 11746.807, 7554.058, 10517.851, 10493.616, 8663.808, 10061.841, 14738.144, 16646.724, 11481.621, 10248.375, 10128.412, 3891.315, 10139.772, 12317.652, 12969.270, 10823.118, 13022.568, 11896.097, 10699.045, 11260.451, 9154.743]
	
 knn – One hot encoder – wc+wc-c4-3d - $throughput
	[14872.076, 14369.725, 17485.753, 11353.340, 16453.447, 12151.605, 14436.649, 9538.077, 15918.217, 9105.236, 18834.387, 11359.388, 18025.578, 11327.067, 10537.979, 8074.772, 12395.836, 23505.718, 11685.301, 12192.653, 13756.828, 3589.669, 11890.935, 7903.510, 22031.707, 10791.987, 14335.058, 13910.060, 12638.535, 12673.938, 7898.714, 10225.457, 11004.196, 7893.841, 16292.958, 13740.043, 16514.532, 15726.173, 15308.413, 15795.400, 3782.048, 10984.406, 14382.800, 17864.138, 11514.490, 15316.778, 11893.848, 12131.523, 12312.075, 8947.560]
	
 SVR – One hot encoder – wc+wc-c4-3d - $throughput
	[14438.374, 12874.372, 14132.455, 10287.069, 12005.201, 11105.641, 12826.751, 9040.282, 12882.805, 9387.617, 13368.617, 8975.542, 14183.818, 8342.486, 9689.385, 7817.175, 11866.816, 22042.326, 10397.150, 10551.416, 11616.799, 10290.117, 11236.392, 7617.349, 18256.654, 9519.440, 13960.240, 11219.978, 11345.065, 12354.537, 7225.549, 10544.415, 11758.419, 8809.057, 12204.994, 14046.872, 13864.864, 12305.261, 13133.991, 12990.595, 9144.239, 9597.176, 13942.113, 16358.048, 11908.818, 13281.664, 10877.454, 10101.079, 11300.392, 8705.549]
	
 Decision Tree – One hot encoder – wc+wc-c4-3d - $throughput
	[14443.069, 14130.586, 14168.243, 12443.015, 16234.731, 12419.972, 12526.244, 8652.981, 12187.463, 9543.360, 12880.819, 8891.013, 13518.186, 10961.425, 10309.992, 7670.998, 12164.155, 10987.599, 9344.855, 11091.113, 12561.529, 3386.966, 11793.245, 7099.867, 11569.506, 10432.733, 11695.956, 12080.688, 13172.717, 11975.891, 7642.976, 10095.302, 13323.499, 9907.176, 10701.589, 13336.686, 17487.729, 11293.703, 10519.099, 11361.674, 3369.255, 10717.906, 12809.568, 13395.270, 12443.058, 13242.689, 10418.356, 12310.129, 12486.135, 8587.100]
	
 Linear Regression – One hot encoder – wc+wc-c4-3d - $throughput
	[14729.889, 13728.970, 14906.692, 11271.255, 15327.898, 11930.068, 14178.331, 8399.053, 13770.210, 10169.848, 14499.556, 9814.703, 16003.498, 11423.087, 10363.120, 8544.814, 13316.859, 13745.175, 11194.549, 12130.948, 12421.514, 4621.910, 11091.763, 7560.854, 12973.680, 10769.379, 12984.636, 13489.665, 14313.926, 13098.173, 8116.926, 10399.055, 10920.393, 9404.208, 11417.211, 16335.494, 17780.300, 12890.987, 11222.727, 11920.334, 3617.767, 11376.940, 13702.014, 14785.278, 11254.315, 12648.763, 12181.975, 11714.781, 11622.163, 9382.403]
	
 Kernel Ridge – One hot encoder – wc+wc-c4-3d - $throughput
	[20767.848, 16365.641, 23353.807, 12896.101, 16137.049, 21321.069, 17509.131, 14010.042, 18745.160, 13949.435, 21291.459, 13465.023, 21783.654, 15629.984, 13197.867, 16977.858, 17522.753, 15941.987, 18397.888, 17478.259, 14975.693, 11408.110, 18361.792, 13295.774, 14352.878, 12034.292, 20326.782, 18321.916, 18773.233, 18428.820, 16046.340, 16258.168, 16428.059, 10653.157, 15738.855, 21141.331, 19872.412, 15964.699, 13258.999, 19329.721, 9996.079, 15084.952, 18718.112, 16572.317, 15957.951, 13896.393, 21571.490, 12303.883, 15856.848, 16212.909]
	
 Random Forest – One hot encoder – wc+wc-c4-3d - $latency
	[16488.789, 27742.479, 24317.726, 14487.533, 20431.658, 23465.382, 32925.621, 9292.511, 20649.736, 25485.725, 38573.933, 5180.866, 28924.776, 16088.985, 6827.328, 12341.552, 17223.935, 23268.461, 21633.783, 12424.365, 24782.211, 1237.286, 22296.393, 19618.283, 25463.035, 22201.816, 25322.452, 20701.055, 20832.105, 29695.123, 3187.350, 12578.734, 13673.133, 8913.424, 24054.405, 23896.406, 31488.354, 15713.254, 21629.666, 26783.251, 1015.589, 9207.820, 29803.036, 38111.819, 22888.172, 32807.483, 20771.914, 6879.831, 35684.394, 14686.397]
	
 knn – One hot encoder – wc+wc-c4-3d - $latency
	[16137.802, 16597.580, 25366.218, 11680.447, 18026.974, 22245.169, 33572.589, 9093.911, 20598.917, 25202.592, 39649.713, 4910.102, 29979.382, 14832.311, 6692.556, 12232.540, 17824.196, 27806.083, 20191.112, 12368.255, 23731.681, 1611.244, 23553.145, 18752.379, 19547.538, 16115.547, 24884.933, 19752.055, 20955.247, 30531.239, 2954.120, 12013.402, 13481.631, 8682.911, 28848.836, 28418.976, 20727.165, 15796.194, 34781.979, 29809.550, 1227.787, 9502.341, 28497.624, 21932.141, 20786.407, 24013.404, 24177.528, 6896.013, 29350.571, 15834.639]
	
 SVR – One hot encoder – wc+wc-c4-3d - $latency
	[16065.673, 28662.755, 24302.393, 11795.840, 19120.429, 25436.111, 33070.540, 8106.550, 20593.266, 24567.475, 33525.591, 4599.947, 28720.087, 14814.878, 6732.998, 12271.185, 16245.125, 39839.434, 26584.282, 12349.353, 20931.461, 1608.308, 22866.417, 18751.286, 33664.731, 15931.489, 24784.770, 18894.444, 20766.205, 30368.714, 2618.581, 12789.377, 12381.472, 8672.500, 28978.445, 28023.016, 19423.474, 15522.424, 34220.490, 35140.201, 1327.086, 9466.052, 27851.101, 34791.877, 21685.109, 31385.618, 20697.041, 6883.025, 27039.267, 14835.015]
	
 Decision Tree – One hot encoder – wc+wc-c4-3d - $latency
	[16928.728, 23506.395, 24328.310, 15861.661, 20440.039, 25562.768, 33194.290, 8894.643, 20606.822, 24402.078, 40355.050, 4541.775, 28761.377, 18951.735, 6749.952, 12280.778, 19147.684, 23429.622, 32301.030, 12379.993, 24721.407, 1175.310, 24510.176, 18809.295, 24311.762, 22158.273, 25166.740, 20411.250, 20119.708, 31836.914, 2691.572, 16495.206, 17070.587, 8682.068, 31305.014, 22988.231, 35321.415, 15082.403, 23212.000, 39722.397, 1110.122, 9191.132, 29713.322, 37403.636, 34066.628, 34812.243, 20717.354, 6898.802, 42599.482, 15152.504]
	
 Linear Regression – One hot encoder – wc+wc-c4-3d - $latency
	[18232.124, 29499.507, 29218.978, 18344.114, 20520.837, 26068.125, 32343.101, 10452.867, 22902.651, 25374.762, 33294.120, 6363.149, 42274.952, 20006.728, 6738.149, 13730.610, 21850.565, 24141.820, 24793.330, 14225.461, 28143.185, 1152.169, 26766.594, 22040.501, 35934.065, 35690.976, 26001.734, 25034.204, 20729.972, 30269.580, 4218.927, 15471.872, 16799.781, 10292.719, 35924.702, 25270.424, 41790.038, 21373.646, 33516.025, 40327.741, 1309.169, 11003.148, 31361.588, 28566.519, 28993.328, 38174.704, 22212.799, 6958.447, 38398.695, 18002.956]
	
 Kernel Ridge – One hot encoder – wc+wc-c4-3d - $latency
	[15667.483, 23091.056, 24498.114, 10705.053, 17748.080, 23628.812, 31657.614, 8164.817, 20910.610, 25107.418, 31225.688, 4458.837, 28503.207, 13598.091, 6706.096, 12187.518, 16310.972, 32467.572, 25105.339, 12334.979, 21049.426, 1546.031, 22219.282, 19067.279, 27387.546, 16038.682, 24578.885, 18043.386, 19627.641, 29640.012, 2618.592, 11673.923, 12453.129, 8769.106, 25790.483, 25623.649, 19831.821, 15360.196, 30960.345, 31054.439, 1116.612, 9057.917, 27031.169, 29295.094, 20554.064, 26952.792, 20792.253, 6918.632, 27394.977, 14635.627]
	
	Random Forest – Integer encoder – wc+wc-c4-3d - $throughput
	[12527.951, 22833.763, 18914.670, 10908.470, 15950.747, 24816.581, 28386.326, 10797.662, 19901.589, 23238.001, 28885.774, 5114.744, 23460.174, 12979.292, 6046.944, 11457.241, 13460.728, 22301.548, 21230.015, 11757.557, 17876.370, 1406.537, 15612.568, 17906.757, 24765.917, 18557.361, 18564.836, 16650.370, 19130.071, 27990.945, 2902.042, 14262.050, 11094.352, 8486.463, 22013.446, 16468.225, 27304.028, 12129.975, 19042.148, 34227.869, 1299.414, 7785.290, 21393.095, 37595.759, 23546.051, 30077.083, 20565.641, 6518.304, 31129.874, 15622.655]
	
 knn - Integer encoder – wc+wc-c4-3d - $throughput
	[15703.725, 27243.937, 22947.950, 10550.726, 17043.390, 20299.471, 29018.339, 9134.761, 21065.468, 24431.396, 23336.003, 4082.175, 30330.468, 18120.134, 6901.070, 12098.377, 14082.846, 21594.553, 20213.686, 12023.968, 20545.114, 1236.560, 22667.207, 17903.597, 24594.766, 22088.312, 22139.411, 18606.065, 22930.359, 28104.150, 2629.364, 13344.360, 11514.992, 8685.746, 30394.136, 20199.976, 29709.195, 12069.348, 21792.302, 27832.441, 1112.768, 8555.538, 24846.819, 36042.440, 23077.992, 29111.152, 20991.824, 6432.783, 35810.079, 15803.736]
	
 SVR - Integer encoder – wc+wc-c4-3d - $throughput
	[8445.057, 25462.942, 20045.460, 32192.124, 18576.398, 37367.084, 9687.117, 8758.063, 15348.208, 27108.252, 34022.186, 3405.188, 27832.846, 16507.115, 12986.737, 9829.743, 25888.608, 31567.498, 26206.155, 10445.668, 24295.598, 10735.499, 19637.351, 14548.947, 28494.335, 15676.043, 10625.879, 21022.717, 23998.097, 30425.657, 2440.184, 22221.118, 10249.407, 12604.168, 26810.068, 16009.876, 26314.502, 23735.840, 18547.681, 37158.244, 2726.739, 6944.551, 9931.178, 34723.584, 26116.131, 37644.322, 17117.610, 4375.262, 33831.815, 43163.692]
	
 Decision Tree – Integer encoder – wc+wc-c4-3d - $throughput
	[12557.964, 30138.874, 18227.273, 17151.811, 17325.013, 24854.927, 25452.380, 10403.325, 19537.679, 23164.479, 31678.382, 3628.373, 28000.990, 21242.074, 5954.971, 11307.518, 13698.903, 22429.042, 22546.180, 11658.345, 17097.776, 1555.818, 16432.108, 17510.100, 24558.422, 15859.311, 18819.837, 16836.759, 17770.158, 29736.916, 2413.320, 14728.441, 11164.390, 8437.450, 30178.797, 16991.779, 29733.987, 11892.664, 18953.898, 33630.671, 1220.731, 7679.132, 20991.197, 36399.415, 23383.279, 31739.463, 22859.852, 6144.734, 33828.379, 16254.032]
	
 Linear Regression – Integer encoder – wc+wc-c4-3d - $throughput
	[15327.356, 23766.062, 23033.808, 11011.393, 16643.504, 23856.609, 33421.409, 9175.494, 23076.392, 25388.390, 34898.758, 4690.304, 29777.303, 13315.768, 6589.922, 12656.869, 15728.052, 27231.101, 22276.629, 12675.309, 19139.294, 1549.927, 18430.389, 22386.585, 25884.811, 17519.666, 22558.178, 16630.611, 17926.232, 31702.799, 2790.265, 12249.939, 11826.988, 8913.829, 23136.955, 24073.376, 23267.970, 12021.436, 32504.558, 35287.797, 974.902, 8749.233, 23781.370, 31329.157, 24196.853, 26960.602, 23367.190, 8778.973, 30091.535, 16880.484]
	
 Kernel Ridge – Integer encoder – wc+wc-c4-3d - $throughput
	[15107.430, 22703.219, 23025.561, 10549.312, 16335.976, 22526.807, 30931.112, 8660.604, 21997.696, 21588.295, 30039.609, 4505.290, 28701.536, 12830.053, 6631.659, 12316.124, 14879.647, 26423.105, 21643.759, 12557.712, 17284.030, 1358.460, 18831.705, 19518.704, 25594.928, 16735.239, 22363.839, 15536.220, 17763.698, 30213.267, 2587.060, 11590.460, 11493.583, 8848.340, 22343.633, 23673.509, 21711.518, 11832.709, 29726.664, 31331.635, 939.512, 8306.955, 23683.306, 28603.165, 22454.334, 25772.881, 22472.926, 7083.206, 29138.087, 16025.371]
	
 Random Forest – Integer encoder – wc+wc-c4-3d - $latency
	[13371.082, 22034.448, 19333.766, 15102.154, 17059.111, 20070.747, 25413.541, 13255.834, 20442.369, 21133.875, 37709.690, 4967.294, 25053.397, 13814.496, 6351.785, 11392.496, 15531.207, 21561.064, 17900.445, 11985.273, 17489.758, 1335.000, 17309.147, 17553.698, 27602.021, 19746.052, 18592.648, 16417.453, 18902.750, 24289.362, 2803.896, 14013.733, 14332.342, 8506.804, 22399.565, 16996.694, 32283.823, 12245.638, 19744.087, 32196.835, 1139.200, 7581.742, 20989.274, 27741.326, 23219.227, 24320.759, 20099.204, 6263.184, 35929.034, 20338.975]
	
 knn – Integer encoder – wc+wc-c4-3d - $latency
	[13314.927, 9955.727, 20344.379, 8713.562, 12580.439, 20321.465, 28698.419, 8161.047, 20801.611, 10951.853, 19722.535, 4689.993, 27765.059, 11801.911, 6398.613, 12166.991, 12398.818, 21276.987, 16598.272, 12193.969, 17862.690, 1419.008, 12935.256, 17914.263, 25151.798, 15752.882, 22332.252, 11542.293, 10569.159, 27823.065, 2869.255, 8819.035, 12235.590, 8963.196, 21125.727, 23729.281, 22035.359, 12654.080, 20167.053, 21756.847, 1001.745, 7846.936, 23435.993, 22948.843, 20320.325, 15393.221, 20890.481, 6722.303, 28744.069, 14856.151]
	
 SVR – Integer encoder – wc+wc-c4-3d - $latency
	[15554.206, 28386.264, 22387.536, 11575.541, 18160.499, 24407.406, 31361.047, 7900.568, 19107.071, 23049.478, 33373.201, 4548.874, 27655.854, 14214.947, 6629.150, 11094.162, 15750.291, 35941.855, 25303.206, 12060.875, 19928.983, 2541.678, 22485.193, 18014.258, 31951.847, 15919.287, 21061.929, 17262.234, 20582.632, 29196.567, 2549.665, 12602.276, 11731.821, 8639.788, 28711.477, 25608.580, 19214.293, 14434.505, 32485.511, 34271.603, 1088.734, 8431.406, 25834.532, 34561.290, 21740.924, 30502.663, 18778.438, 6825.951, 26795.296, 14546.708]
	
 Decision Tree – Integer encoder – wc+wc-c4-3d - $latency
	[12577.475, 23427.581, 18226.348, 9946.755, 18211.435, 23727.678, 36882.626, 7904.772, 19532.245, 25515.833, 28241.815, 7250.161, 19825.901, 19795.477, 8323.685, 10829.366, 24068.514, 20731.562, 20650.641, 11658.345, 17565.756, 1619.289, 16332.488, 17547.135, 38334.264, 23475.145, 20099.107, 14549.702, 17770.579, 31711.110, 2449.130, 17971.609, 16052.089, 8503.696, 29438.887, 17459.784, 29612.584, 13355.161, 26763.920, 33562.185, 1280.367, 8335.293, 21665.487, 34965.263, 34486.285, 29754.127, 21946.993, 6156.195, 40262.701, 21887.360]
	
 Linear Regression – Integer encoder – wc+wc-c4-3d - $latency
	[14949.639, 21635.716, 24136.359, 10990.812, 16544.321, 25925.731, 32556.651, 9474.018, 24893.374, 13937.405, 19088.396, 4802.221, 28761.037, 12824.856, 6780.367, 13611.052, 17852.469, 29625.125, 21899.819, 12869.436, 22688.548, 1643.159, 19741.524, 23249.131, 24948.333, 17935.114, 23366.255, 15633.951, 16528.176, 30051.610, 3527.392, 10647.385, 13452.509, 9139.062, 21925.631, 24515.206, 23712.221, 11506.272, 29550.026, 39351.757, 1036.973, 8815.853, 23214.327, 23706.566, 20499.902, 26743.052, 23328.148, 9388.942, 33202.810, 17349.087]
	
 Kernel Ridge – Integer encoder – wc+wc-c4-3d - $latency
	[14600.117, 20411.967, 23337.716, 10210.040, 15664.991, 22423.402, 29718.977, 8871.482, 22372.607, 16993.083, 22615.608, 4361.534, 27491.618, 12193.951, 6666.243, 12585.895, 15209.496, 26486.984, 20812.644, 12504.536, 17887.128, 1384.996, 17858.155, 19628.152, 23980.853, 16562.006, 22519.425, 14118.682, 15866.478, 29426.226, 2668.948, 10992.369, 11758.167, 8857.467, 20879.107, 23609.652, 21950.870, 11179.176, 27802.467, 30850.977, 955.423, 8328.992, 22573.681, 24908.742, 20643.252, 23417.449, 22213.920, 7145.865, 29278.203, 15928.137]
	
 Random Forest – One hot encoder – wc+rs-c4-3d - $throughput
	[17608.708, 13484.732, 13299.893, 10531.097, 15248.416, 15356.259, 16209.865, 9137.563, 13017.185, 13632.384, 16447.214, 12829.093, 16413.058, 9126.002, 12323.144, 8923.706, 14259.646, 11833.613, 17971.400, 12164.220, 15870.593, 5557.227, 12346.176, 7503.655, 14339.693, 15194.839, 13879.647, 12350.360, 15728.656, 15814.037, 7831.341, 13253.526, 12355.213, 10462.845, 13026.976, 17503.713, 19727.244, 15186.336, 11271.253, 13935.078, 3882.109, 11251.552, 13853.829, 15282.128, 13220.102, 15885.329, 14358.989, 12595.680, 14220.182, 9756.669]
	
 knn – One hot encoder – wc+rs-c4-3d - $throughput
	[16648.811, 21360.015, 13103.709, 10733.045, 13907.690, 21397.835, 16966.054, 10906.193, 16901.337, 13516.544, 22916.740, 14762.249, 19982.558, 9322.189, 12245.435, 8331.753, 16454.736, 26021.522, 23028.667, 13590.729, 19655.760, 6592.076, 13305.809, 8238.114, 24633.851, 16136.860, 15302.328, 15690.743, 16462.716, 17179.783, 8658.419, 12356.113, 11836.725, 9075.754, 22730.545, 15389.811, 17868.930, 15486.102, 20223.285, 16596.007, 11352.803, 11709.013, 15291.805, 21670.167, 13156.890, 19786.044, 15786.795, 13053.258, 16406.359, 10470.873]
	
 SVR – One hot encoder – wc+rs-c4-3d - $throughput
	[15600.714, 17705.224, 12464.497, 10575.823, 13868.361, 14702.848, 15417.100, 9204.195, 13411.399, 13567.616, 17093.269, 11051.675, 15754.673, 8965.794, 11236.135, 7733.549, 12902.670, 24213.099, 17235.709, 12189.314, 15964.251, 11565.149, 12152.830, 7635.828, 20129.248, 14065.959, 14537.314, 12740.364, 14332.613, 14252.873, 7835.821, 12725.256, 13096.319, 9567.580, 16804.433, 15225.408, 15792.894, 14008.911, 16951.399, 15368.739, 10120.569, 11187.573, 14295.734, 19353.999, 14285.917, 16095.501, 14847.696, 12019.752, 13432.289, 9485.811]
	
 Decision Tree – One hot encoder – wc+rs-c4-3d - $throughput
	[16427.128, 16517.039, 11112.638, 11594.742, 19785.348, 15481.404, 13686.564, 8748.425, 13303.941, 13581.063, 17354.503, 11525.141, 15216.022, 9601.083, 11604.080, 8021.725, 14053.803, 12377.325, 16600.539, 11726.170, 14462.468, 4635.737, 13043.784, 7251.590, 14542.638, 16370.780, 13854.030, 18605.021, 16172.668, 13435.622, 8839.903, 13188.899, 15540.014, 11143.555, 13468.083, 15533.758, 20046.331, 16160.822, 11528.272, 14774.580, 3738.046, 12222.482, 13940.142, 15755.237, 13576.244, 17402.789, 14295.906, 11584.017, 16322.503, 9629.485]
	
 Linear Regression – One hot encoder – wc+rs-c4-3d - $throughput
	[16965.640, 15587.861, 12140.603, 11517.212, 20406.527, 15953.156, 16366.937, 9041.482, 14738.780, 14818.071, 18916.745, 12158.530, 17274.218, 10111.594, 11982.340, 8416.592, 14286.073, 14083.406, 18328.737, 13176.835, 17070.919, 5291.966, 13119.588, 7180.707, 15597.662, 16839.528, 14628.867, 15284.777, 17184.706, 15268.887, 7819.487, 13576.171, 12338.818, 10793.295, 14115.910, 16526.890, 20231.768, 16365.300, 13759.677, 14902.582, 4566.177, 11812.296, 14555.561, 17666.870, 14726.668, 16259.403, 16264.868, 12819.089, 14195.448, 10498.270]
	
 Kernel Ridge – One hot encoder – wc+rs-c4-3d - $throughput
	[23461.621, 18411.747, 21698.553, 12737.139, 20428.919, 25711.995, 20376.382, 15238.222, 19917.353, 18795.717, 26414.215, 14701.094, 23083.491, 14592.588, 14343.386, 16756.708, 19104.246, 14490.413, 23426.205, 18602.605, 20597.494, 12335.099, 20761.918, 14000.455, 15889.091, 17796.322, 21301.542, 19671.450, 22248.385, 20259.990, 16170.245, 19148.312, 18371.483, 12230.907, 17232.446, 21921.942, 23525.363, 19116.146, 15613.122, 22415.209, 11131.098, 15564.610, 19963.152, 18953.621, 19465.405, 16412.624, 25486.756, 13168.586, 18020.856, 17513.493]
	
 Random Forest – One hot encoder – wc+rs-c4-3d - $latency
	[30158.718, 28014.109, 28035.989, 12986.042, 27529.533, 28996.019, 24245.436, 7259.451, 23716.334, 33053.775, 36572.390, 20190.741, 35124.090, 19536.396, 6462.276, 12300.489, 21337.072, 17547.585, 35707.924, 20358.529, 28201.670, 897.819, 21699.194, 19080.170, 30326.272, 15556.116, 34894.306, 23560.516, 30356.783, 32086.037, 2430.247, 23455.648, 18718.860, 7902.807, 23285.932, 31315.457, 30417.884, 24537.576, 21641.808, 31856.340, 1278.217, 16584.346, 29105.683, 30331.213, 32422.569, 42858.745, 33905.491, 6628.665, 28380.352, 20243.740]
	
 knn – One hot encoder – wc+rs-c4-3d - $latency
	[29222.174, 23997.299, 24777.115, 9921.000, 37761.260, 28917.224, 24453.485, 7560.653, 23716.946, 34190.909, 34702.042, 20208.422, 35098.626, 23753.147, 6494.032, 12300.946, 20881.962, 14739.046, 35122.635, 20359.853, 28417.432, 927.056, 19954.264, 19086.212, 30012.041, 15583.966, 35905.019, 23760.085, 30930.206, 32071.438, 2450.895, 24943.260, 18753.980, 7904.846, 27171.443, 31378.359, 26309.683, 29334.026, 18560.609, 29523.578, 1108.973, 16533.817, 28290.200, 29779.137, 30685.055, 40366.027, 33906.190, 6662.381, 33467.715, 20260.322]
	
 SVR – One hot encoder – wc+rs-c4-3d - $latency
	[28825.338, 39612.608, 32637.193, 12447.058, 26614.519, 28807.364, 23814.358, 6942.301, 23704.480, 28969.788, 35646.621, 19795.019, 35072.271, 24616.334, 6466.188, 12296.509, 20797.198, 39372.137, 34956.775, 20345.271, 27793.491, 1306.957, 22048.760, 19014.842, 37560.741, 13255.418, 33360.762, 23168.133, 37671.138, 31825.602, 2466.145, 22897.034, 18670.972, 7896.955, 39543.162, 39899.527, 20777.268, 26760.992, 30610.278, 32260.583, 1494.672, 16680.223, 27320.832, 39946.534, 30464.238, 36420.270, 33888.839, 6624.893, 26209.544, 20189.734]
	
 Decision Tree – One hot encoder – wc+rs-c4-3d - $latency
	[32513.170, 34062.499, 24777.701, 16830.679, 38303.275, 28916.794, 24350.570, 7560.669, 23715.650, 33482.512, 38428.449, 19895.251, 35098.640, 23753.073, 6493.364, 12299.521, 21653.784, 14127.986, 35121.689, 20360.692, 28323.734, 926.148, 20901.079, 19070.559, 32229.735, 18421.181, 35905.477, 24471.515, 32224.506, 32027.080, 2503.148, 24943.266, 18716.127, 7901.660, 28235.997, 31376.621, 32322.779, 29333.107, 23406.792, 36357.675, 1480.376, 16523.122, 29583.112, 34491.303, 32235.667, 42575.121, 33904.899, 6662.319, 33465.808, 20261.732]
	
 Linear Regression – One hot encoder – wc+rs-c4-3d - $latency
	[32898.880, 35982.756, 24830.969, 17079.156, 38589.470, 27628.114, 23872.195, 7789.225, 24446.392, 33413.644, 37579.490, 19741.678, 35218.234, 24344.380, 6455.817, 12242.395, 21863.632, 17161.595, 31503.019, 20361.182, 28158.097, 835.568, 21113.877, 19454.889, 33554.764, 18509.257, 35009.848, 24389.962, 32284.426, 33355.083, 2363.441, 25760.766, 19154.244, 7938.710, 29862.042, 34453.302, 32588.101, 30180.753, 24014.973, 37905.193, 1498.505, 16641.597, 28354.254, 35353.626, 32947.047, 43777.587, 37851.308, 6726.472, 33855.180, 20605.563]
	
 Kernel Ridge – One hot encoder – wc+rs-c4-3d - $latency
	[31892.256, 32879.524, 24846.267, 15565.299, 35446.105, 28918.453, 24332.584, 7500.651, 23717.701, 33289.167, 37664.217, 19907.288, 35098.812, 21678.732, 6490.778, 12301.741, 21501.394, 13949.833, 35123.622, 20361.147, 28310.601, 946.219, 20685.723, 19076.769, 31634.732, 17978.293, 35675.830, 24348.093, 31430.468, 32020.191, 2441.744, 24518.293, 18719.150, 7903.152, 25952.831, 31281.068, 31378.368, 28040.038, 21551.173, 35370.480, 1414.971, 16533.648, 29368.125, 31197.301, 32049.429, 41686.548, 33907.086, 6653.631, 33040.202, 20244.021]
	
 Random Forest – Integer encoder – wc+rs-c4-3d - $throughput
	[14369.418, 15319.507, 11915.329, 11418.276, 14099.889, 13844.460, 12795.898, 9348.726, 11524.748, 14489.199, 18513.982, 9941.750, 13260.332, 8328.835, 10649.701, 8158.348, 11621.773, 11478.814, 17955.807, 10638.188, 13582.395, 5654.816, 13058.604, 7392.476, 12584.228, 16521.951, 13994.658, 12470.679, 15444.358, 12740.028, 7724.910, 11795.507, 13595.760, 10714.224, 9570.466, 13360.765, 21080.341, 13085.009, 11054.850, 14156.071, 6343.565, 8776.137, 14217.633, 14786.545, 13979.028, 15684.962, 15095.742, 10249.115, 14231.454, 9471.942]
	
 knn – Integer encoder – wc+rs-c4-3d - $throughput
	[14409.017, 16915.241, 13087.268, 10151.762, 12890.697, 14508.629, 13433.447, 9423.633, 12438.165, 14335.056, 18748.336, 10583.755, 14972.507, 9785.097, 10465.764, 7788.152, 11610.785, 18393.203, 17744.019, 11485.813, 14996.676, 10172.573, 12126.605, 7868.278, 16395.028, 14703.502, 16721.696, 12652.183, 14916.563, 12853.122, 7500.152, 11762.727, 11477.455, 9415.944, 15150.665, 14385.207, 14897.295, 13309.329, 15206.783, 13762.231, 7769.085, 11429.887, 14202.329, 17667.887, 13631.676, 15205.803, 14521.168, 11744.949, 13066.071, 9199.596]
	
 SVR - Integer encoder – wc+rs-c4-3d - $throughput
	[17581.235, 18738.285, 21916.550, 9396.738, 17220.119, 11423.844, 11395.338, 6591.028, 19620.108, 14747.583, 23978.288, 10244.553, 22713.492, 12323.077, 25266.680, 8377.426, 10922.964, 10873.890, 24258.664, 32531.367, 11448.874, 9595.900, 16457.196, 10824.583, 16013.296, 17539.940, 21407.739, 11823.201, 19015.911, 16798.340, 10594.975, 12462.456, 11927.449, 63336.573, 12000.111, 18390.299, 16381.184, 12458.554, 12743.489, 13063.112, 5047.191, 10560.345, 15902.774, 18022.675, 14766.471, 16438.829, 12345.892, 7949.435, 16027.839, 11671.900]
	
 Decision Tree – Integer encoder – wc+rs-c4-3d - $throughput
	[13520.518, 17045.313, 14028.026, 11357.791, 17548.530, 15701.759, 13517.089, 8731.538, 12156.287, 14569.820, 17387.236, 10814.834, 10939.031, 9224.374, 10711.488, 7915.798, 10650.128, 12354.972, 17889.511, 11102.689, 11671.141, 5200.214, 13120.002, 7281.620, 13328.191, 16774.217, 13654.706, 13825.486, 16006.610, 13913.384, 7507.207, 11538.832, 12740.402, 10832.562, 12702.182, 13745.178, 20083.692, 11870.914, 12158.389, 13074.059, 6042.825, 8856.383, 14627.838, 16301.430, 13494.291, 15019.220, 15084.868, 10881.125, 13911.124, 9325.424]
	
 Linear Regression – Integer encoder – wc+rs-c4-3d - $throughput
	[11290.950, 13118.972, 11939.507, 9376.973, 12138.998, 11717.970, 11821.117, 9242.296, 9512.584, 14274.495, 16548.381, 8931.035, 11250.590, 11476.727, 12665.012, 7635.939, 8452.176, 13493.938, 18655.124, 8495.344, 11179.842, 12297.150, 11234.873, 10956.155, 11471.114, 14369.569, 14274.262, 10289.888, 14026.872, 10634.242, 6568.580, 9173.912, 11900.721, 9210.529, 9892.719, 11904.191, 15313.824, 11806.741, 12672.437, 11491.428, 6100.332, 12094.977, 12478.330, 14291.911, 12022.263, 13067.929, 10516.490, 8109.903, 12027.844, 9297.355]
	
 Kernel Ridge – Integer encoder – wc+rs-c4-3d - $throughput
	[10343.646, 12870.456, 13501.184, 9258.026, 13010.708, 12354.882, 11294.145, 11078.780, 10587.847, 14187.647, 14957.474, 9797.078, 11355.590, 13431.714, 14054.117, 8580.578, 9697.108, 12451.233, 17824.318, 9615.522, 11156.759, 13202.921, 11758.753, 12425.334, 11723.241, 15537.610, 14652.822, 10693.186, 12907.513, 10618.944, 9519.755, 9072.099, 12061.761, 12167.231, 9945.848, 12415.531, 15498.053, 12307.025, 12358.817, 12437.574, 7542.787, 12167.583, 11847.031, 14197.984, 11954.077, 13864.569, 10924.296, 9028.430, 12654.070, 11543.211]
	
 Random Forest – Integer encoder – wc+rs-c4-3d - $latency
	[21052.246, 31015.680, 15525.404, 12425.097, 29883.834, 18089.992, 18500.736, 7343.288, 23159.544, 31917.139, 32415.386, 17181.926, 29669.296, 20693.098, 5977.491, 11255.402, 17643.331, 7793.576, 28566.319, 19747.441, 24074.745, 1151.497, 16255.226, 17635.146, 30742.408, 16626.583, 21079.077, 17395.107, 22866.604, 26272.322, 2613.406, 19122.042, 17354.434, 7724.988, 22492.737, 22243.836, 29952.314, 20830.392, 18526.315, 36477.542, 1218.477, 14860.741, 20978.210, 28768.496, 29538.640, 39095.363, 33693.909, 6141.134, 32077.527, 21685.177]
	
 knn – Integer encoder – wc+rs-c4-3d - $latency
	[29763.437, 34904.893, 21614.493, 11487.258, 38052.339, 19957.289, 20256.456, 7763.322, 23259.607, 33312.954, 25183.633, 18900.436, 37473.005, 25075.983, 6328.164, 11993.271, 18448.492, 11368.105, 24834.315, 20089.490, 25875.863, 989.080, 17026.945, 17975.926, 32228.378, 18427.367, 30266.474, 16509.269, 23434.707, 29517.697, 2390.687, 16335.350, 17156.037, 7812.845, 28978.639, 25555.702, 32295.835, 26761.953, 17104.665, 29389.137, 1387.739, 15774.297, 24711.819, 30622.085, 29313.889, 40017.120, 33425.346, 6203.287, 35576.090, 22343.494]
	
 SVR – Integer encoder – wc+rs-c4-3d - $latency
	[28668.078, 28136.626, 88264.576, 12373.843, 26521.323, 33191.284, 23698.815, 6900.724, 23582.415, 39759.117, 35544.282, 18637.247, 35337.279, 75798.258, 6312.400, 12168.591, 24269.920, 8853.442, 48734.061, 20184.260, 27701.931, 1293.767, 52288.009, 13254.269, 37485.332, 13086.112, 33075.017, 23063.183, 17693.835, 31730.273, 2368.866, 22796.957, 16276.967, 7813.188, 25797.823, 27595.521, 20691.218, 26668.969, 30437.785, 32157.134, 1453.540, 16554.208, 19073.486, 39888.152, 30402.882, 36352.913, 31960.411, 6492.239, 38480.490, 37553.926]
	
 Decision Tree – Integer encoder – wc+rs-c4-3d - $latency
	[21735.267, 34062.470, 16237.261, 19537.573, 38154.024, 25390.983, 18425.227, 8869.405, 22649.846, 30695.512, 32730.890, 17497.190, 30631.190, 29797.590, 5768.895, 13220.659, 17124.643, 12715.099, 28239.820, 19629.602, 22653.625, 1222.472, 18610.967, 17495.994, 32227.583, 18495.238, 25137.276, 20026.515, 22985.348, 27173.739, 2225.109, 19738.135, 17323.194, 7685.941, 27836.105, 29392.896, 32322.163, 26759.942, 23185.937, 36174.813, 1664.493, 14687.791, 21090.820, 34492.289, 30606.491, 42575.077, 39122.545, 5923.230, 33451.878, 22600.874]
	
 Linear Regression – Integer encoder – wc+rs-c4-3d - $latency
	[26124.484, 31757.021, 25780.484, 11870.301, 24632.641, 23372.459, 22028.709, 7833.802, 26448.318, 30475.704, 37833.686, 17257.388, 37354.160, 20643.721, 6352.589, 12489.110, 20853.690, 20431.173, 27731.641, 21376.700, 27780.890, 1229.051, 17455.057, 22723.177, 31222.465, 14565.522, 22463.303, 20864.946, 30332.359, 33189.134, 2573.035, 19525.660, 18677.425, 8065.147, 30193.752, 33338.095, 25167.681, 24251.000, 27302.205, 34312.811, 1301.809, 17646.523, 22361.445, 32214.568, 30762.535, 35075.750, 40442.531, 8406.230, 29522.937, 22798.735]
	
 Kernel Ridge – Integer encoder – wc+rs-c4-3d - $latency
	[25854.209, 30490.946, 26915.809, 11334.671, 23579.167, 22996.090, 20427.910, 7386.108, 25202.999, 26950.720, 32569.168, 17278.371, 35817.661, 20339.318, 6389.368, 12182.634, 19700.894, 20232.598, 26736.137, 21052.196, 24740.661, 1077.774, 17612.643, 19722.600, 29675.353, 13893.160, 23669.887, 19552.704, 29495.555, 31645.975, 2389.176, 18003.476, 18114.828, 8021.045, 29125.306, 32564.294, 23429.854, 23643.009, 24988.735, 30490.125, 1251.612, 16322.781, 22463.357, 29121.171, 25473.974, 32943.641, 38509.839, 6797.113, 28508.209, 21805.664]
	
	Random Forest – One hot encoder – noc-CM-log - $energy
	[0.308, 0.280, 0.687, 0.447, 0.433, 0.479, 0.656, 0.418, 0.625, 0.634, 0.564, 0.589, 0.619, 0.456, 0.493, 0.877, 0.451, 0.417, 0.413, 0.486, 0.432, 0.427, 0.622, 0.391, 0.617, 0.404, 0.395, 0.469, 0.530, 0.444, 0.681, 0.489, 0.510, 0.491, 0.529, 0.337, 0.477, 0.460, 0.398, 0.439, 0.810, 0.543, 0.551, 0.382, 0.515, 0.311, 0.641, 0.705, 0.422, 0.297]
	
 knn – One hot encoder – noc-CM-log - $energy
	[0.973, 1.101, 0.873, 1.146, 1.011, 1.056, 0.895, 1.014, 1.052, 0.790, 0.899, 0.915, 1.022, 1.041, 1.075, 1.007, 1.142, 1.017, 1.121, 0.902, 1.043, 1.000, 0.810, 0.415, 1.265, 1.031, 0.902, 0.663, 1.038, 1.000, 1.231, 0.946, 1.022, 0.989, 0.903, 1.141, 1.121, 0.818, 1.061, 1.123, 1.235, 0.985, 0.962, 1.139, 1.149, 1.123, 0.926, 0.892, 1.021, 0.682]
	
 SVR – One hot encoder – noc-CM-log - $energy
	[0.778, 0.284, 0.591, 0.718, 0.671, 0.422, 0.618, 0.631, 0.956, 0.718, 0.527, 0.689, 0.401, 0.689, 0.735, 0.906, 0.693, 0.735, 0.854, 0.753, 0.886, 0.449, 0.628, 0.384, 0.898, 0.737, 0.435, 0.446, 0.860, 0.686, 0.948, 0.817, 0.480, 0.719, 0.503, 0.633, 0.481, 0.428, 0.555, 0.810, 0.981, 0.323, 0.788, 0.353, 0.483, 0.530, 0.858, 0.757, 0.478, 0.642]
	
 Decision Tree – One hot encoder – noc-CM-log - $energy
	[0.289, 0.259, 0.627, 0.448, 0.336, 0.311, 0.631, 0.320, 0.628, 0.454, 0.440, 0.397, 0.411, 0.444, 0.418, 1.041, 0.432, 0.339, 0.404, 0.368, 0.409, 0.309, 0.663, 0.388, 0.691, 0.341, 0.348, 0.423, 0.393, 0.344, 0.663, 0.394, 0.535, 0.365, 0.467, 0.368, 0.393, 0.411, 0.247, 0.389, 0.654, 0.316, 0.419, 0.498, 0.566, 0.324, 0.630, 0.917, 0.308, 0.283]
	
 Linear Regression – One hot encoder – noc-CM-log - $energy
	[0.289, 0.272, 0.513, 0.448, 0.332, 0.418, 0.621, 0.320, 0.586, 0.504, 0.440, 0.497, 0.411, 0.444, 0.436, 0.810, 0.432, 0.339, 0.404, 0.368, 0.443, 0.357, 0.610, 0.388, 0.679, 0.389, 0.348, 0.423, 0.393, 0.344, 0.654, 0.394, 0.429, 0.398, 0.467, 0.368, 0.404, 0.404, 0.253, 0.415, 0.739, 0.339, 0.536, 0.349, 0.472, 0.364, 0.611, 0.769, 0.346, 0.283]
	
 Kernel Ridge – One hot encoder – noc-CM-log - $energy
	[0.471, 1.517, 2.397, 0.586, 0.575, 1.408, 1.986, 0.495, 2.700, 2.066, 0.601, 1.999, 0.610, 0.597, 1.985, 2.823, 0.600, 0.493, 0.588, 0.554, 1.475, 1.522, 2.524, 0.585, 2.937, 1.437, 0.493, 0.616, 0.506, 0.537, 0.649, 0.572, 1.817, 1.477, 0.640, 0.529, 0.539, 1.542, 1.481, 1.540, 1.405, 2.107, 1.349, 0.518, 1.781, 1.449, 1.853, 3.250, 1.482, 0.525]
	
 Random Forest – One hot encoder – noc-CM-log - $inv_runtime
	[0.093, 0.093, 0.157, 0.162, 0.058, 0.086, 0.081, 0.072, 0.150, 0.105, 0.066, 0.145, 0.068, 0.130, 0.057, 0.112, 0.155, 0.048, 0.150, 0.094, 0.075, 0.067, 0.142, 0.110, 0.123, 0.085, 0.056, 0.183, 0.091, 0.077, 0.105, 0.078, 0.139, 0.089, 0.114, 0.094, 0.122, 0.151, 0.134, 0.091, 0.135, 0.167, 0.128, 0.091, 0.076, 0.070, 0.184, 0.089, 0.124, 0.085]
	
 knn – One hot encoder – noc-CM-log - $inv_runtime
	[0.156, 0.144, 0.204, 0.218, 0.118, 0.116, 0.105, 0.112, 0.170, 0.108, 0.123, 0.213, 0.125, 0.192, 0.094, 0.126, 0.178, 0.116, 0.212, 0.110, 0.091, 0.096, 0.177, 0.141, 0.247, 0.084, 0.100, 0.210, 0.124, 0.118, 0.105, 0.142, 0.195, 0.125, 0.197, 0.119, 0.152, 0.159, 0.149, 0.121, 0.156, 0.164, 0.130, 0.141, 0.126, 0.109, 0.204, 0.162, 0.250, 0.142]
	
 SVR – One hot encoder – noc-CM-log - $inv_runtime
	[0.076, 0.070, 0.212, 0.154, 0.058, 0.095, 0.078, 0.070, 0.131, 0.103, 0.083, 0.139, 0.075, 0.115, 0.055, 0.104, 0.130, 0.030, 0.213, 0.110, 0.068, 0.056, 0.192, 0.115, 0.187, 0.075, 0.054, 0.154, 0.089, 0.082, 0.135, 0.077, 0.129, 0.073, 0.175, 0.076, 0.106, 0.178, 0.134, 0.085, 0.112, 0.162, 0.145, 0.088, 0.082, 0.080, 0.165, 0.090, 0.121, 0.056]
	
 Decision Tree – One hot encoder – noc-CM-log - $inv_runtime
	[0.080, 0.072, 0.166, 0.165, 0.057, 0.103, 0.081, 0.051, 0.152, 0.102, 0.078, 0.128, 0.068, 0.121, 0.054, 0.112, 0.169, 0.030, 0.167, 0.089, 0.067, 0.066, 0.127, 0.109, 0.188, 0.079, 0.054, 0.163, 0.089, 0.079, 0.136, 0.080, 0.116, 0.084, 0.130, 0.096, 0.127, 0.165, 0.140, 0.093, 0.211, 0.166, 0.129, 0.098, 0.079, 0.071, 0.211, 0.080, 0.114, 0.052]
	
 Linear Regression – One hot encoder – noc-CM-log - $inv_runtime
	[0.080, 0.075, 0.151, 0.165, 0.057, 0.091, 0.083, 0.051, 0.152, 0.098, 0.070, 0.131, 0.068, 0.121, 0.052, 0.113, 0.169, 0.030, 0.138, 0.089, 0.066, 0.056, 0.126, 0.109, 0.152, 0.070, 0.055, 0.163, 0.080, 0.085, 0.136, 0.076, 0.120, 0.086, 0.114, 0.096, 0.126, 0.142, 0.135, 0.088, 0.209, 0.163, 0.128, 0.098, 0.084, 0.071, 0.169, 0.100, 0.117, 0.052]
	
 Kernel Ridge – One hot encoder – noc-CM-log - $inv_runtime
	[0.246, 1.017, 1.414, 0.288, 0.280, 0.985, 1.030, 0.240, 1.731, 1.373, 0.275, 1.424, 0.266, 0.289, 1.405, 1.424, 0.325, 0.238, 0.292, 0.257, 1.015, 0.985, 1.421, 0.264, 2.006, 0.963, 0.235, 0.215, 0.294, 0.293, 0.350, 0.252, 1.027, 1.032, 0.270, 0.272, 0.254, 0.964, 0.891, 1.046, 1.062, 1.286, 1.011, 0.255, 1.013, 1.008, 1.041, 1.744, 1.040, 0.271]
	
 Random Forest – Integer encoder – noc-CM-log - $energy
	[0.290, 0.295, 0.540, 0.516, 0.335, 0.329, 0.484, 0.399, 0.510, 0.434, 0.435, 0.417, 0.466, 0.440, 0.337, 0.578, 0.397, 0.355, 0.418, 0.433, 0.407, 0.380, 0.517, 0.368, 0.506, 0.355, 0.392, 0.407, 0.405, 0.353, 0.628, 0.390, 0.423, 0.383, 0.498, 0.383, 0.385, 0.369, 0.263, 0.422, 0.536, 0.343, 0.452, 0.334, 0.476, 0.310, 0.621, 0.517, 0.314, 0.296]
	
 knn – Integer encoder – noc-CM-log - $energy
	[0.729, 0.408, 0.651, 0.881, 0.761, 0.544, 0.690, 0.836, 0.750, 0.593, 0.839, 0.749, 0.654, 0.819, 0.553, 0.872, 0.864, 0.739, 0.763, 0.697, 0.573, 0.812, 0.661, 0.568, 0.808, 0.521, 0.531, 0.559, 0.925, 0.515, 0.709, 0.802, 0.841, 0.789, 0.565, 0.559, 0.884, 0.501, 0.793, 0.577, 0.953, 0.479, 0.763, 0.472, 0.827, 0.893, 0.619, 0.726, 0.788, 0.549]
	
 SVR – Integer encoder – noc-CM-log - $energy
	[0.279, 0.266, 0.491, 0.407, 0.343, 0.382, 0.539, 0.371, 0.484, 0.498, 0.383, 0.368, 0.439, 0.419, 0.361, 0.722, 0.402, 0.328, 0.435, 0.397, 0.385, 0.392, 0.510, 0.356, 0.494, 0.320, 0.319, 0.441, 0.409, 0.350, 0.617, 0.389, 0.340, 0.421, 0.438, 0.347, 0.390, 0.398, 0.239, 0.471, 0.611, 0.315, 0.574, 0.292, 0.423, 0.314, 0.589, 0.545, 0.278, 0.285]
	
 Decision Tree – Integer encoder – noc-CM-log - $energy
	[0.289, 0.250, 0.493, 0.448, 0.382, 0.295, 0.505, 0.320, 0.495, 0.409, 0.440, 0.464, 0.447, 0.444, 0.362, 0.559, 0.432, 0.313, 0.404, 0.381, 0.405, 0.421, 0.503, 0.388, 0.466, 0.318, 0.348, 0.423, 0.569, 0.344, 0.505, 0.394, 0.383, 0.408, 0.491, 0.340, 0.404, 0.393, 0.256, 0.377, 0.654, 0.333, 0.431, 0.349, 0.487, 0.322, 0.614, 0.434, 0.344, 0.283]
	
 Linear Regression – Integer encoder – noc-CM-log - $energy
	[0.444, 0.428, 0.620, 0.641, 0.435, 0.368, 0.404, 0.416, 0.523, 0.512, 0.424, 0.515, 0.550, 0.408, 0.391, 0.482, 0.543, 0.441, 0.603, 0.347, 0.437, 0.396, 0.486, 0.539, 0.702, 0.441, 0.367, 0.459, 0.466, 0.395, 0.510, 0.504, 0.456, 0.448, 0.590, 0.415, 0.465, 0.453, 0.432, 0.406, 0.519, 0.628, 0.487, 0.337, 0.442, 0.524, 0.532, 0.480, 0.504, 0.428]
	
 Kernel Ridge – Integer encoder – noc-CM-log - $energy
	[3.326, 3.894, 4.853, 3.429, 3.458, 3.127, 3.487, 3.590, 3.956, 2.808, 3.560, 3.697, 3.481, 4.264, 3.460, 3.838, 3.335, 2.864, 4.317, 3.201, 2.860, 3.962, 3.673, 4.169, 4.072, 2.859, 3.429, 3.834, 3.501, 3.536, 3.554, 3.570, 4.185, 3.518, 4.017, 3.311, 3.736, 4.290, 2.674, 3.321, 3.372, 2.921, 2.986, 3.599, 3.873, 3.843, 4.023, 3.836, 4.043, 3.570]
	
 Random Forest – Integer encoder – noc-CM-log - $inv_runtime
	[0.092, 0.071, 0.148, 0.179, 0.061, 0.088, 0.074, 0.062, 0.149, 0.097, 0.071, 0.146, 0.080, 0.119, 0.050, 0.111, 0.137, 0.053, 0.144, 0.083, 0.064, 0.050, 0.122, 0.107, 0.178, 0.059, 0.049, 0.182, 0.078, 0.083, 0.130, 0.082, 0.128, 0.080, 0.116, 0.087, 0.128, 0.140, 0.123, 0.090, 0.164, 0.145, 0.124, 0.081, 0.090, 0.075, 0.170, 0.098, 0.117, 0.064]
	
 knn – Integer encoder – noc-CM-log - $inv_runtime
	[0.150, 0.106, 0.189, 0.199, 0.102, 0.102, 0.086, 0.107, 0.142, 0.094, 0.102, 0.186, 0.102, 0.147, 0.079, 0.114, 0.152, 0.094, 0.200, 0.101, 0.087, 0.095, 0.165, 0.167, 0.222, 0.079, 0.073, 0.187, 0.094, 0.101, 0.093, 0.128, 0.178, 0.103, 0.171, 0.088, 0.133, 0.136, 0.135, 0.107, 0.150, 0.160, 0.147, 0.108, 0.114, 0.092, 0.177, 0.130, 0.194, 0.110]
	
 SVR – Integer encoder – noc-CM-log - $inv_runtime
	[0.071, 0.064, 0.180, 0.196, 0.056, 0.091, 0.075, 0.064, 0.131, 0.101, 0.074, 0.127, 0.084, 0.120, 0.047, 0.100, 0.149, 0.029, 0.190, 0.085, 0.063, 0.046, 0.130, 0.113, 0.172, 0.059, 0.053, 0.174, 0.083, 0.076, 0.094, 0.080, 0.122, 0.073, 0.118, 0.072, 0.105, 0.150, 0.112, 0.089, 0.152, 0.155, 0.110, 0.085, 0.083, 0.062, 0.210, 0.081, 0.115, 0.059]
	
 Decision Tree – Integer encoder – noc-CM-log - $inv_runtime
	[0.080, 0.073, 0.166, 0.165, 0.057, 0.095, 0.081, 0.051, 0.157, 0.089, 0.078, 0.141, 0.068, 0.121, 0.051, 0.110, 0.169, 0.053, 0.167, 0.077, 0.068, 0.060, 0.128, 0.109, 0.191, 0.054, 0.049, 0.163, 0.091, 0.080, 0.114, 0.082, 0.115, 0.085, 0.130, 0.096, 0.127, 0.146, 0.117, 0.097, 0.133, 0.155, 0.152, 0.098, 0.080, 0.075, 0.211, 0.080, 0.117, 0.052]
	
 Linear Regression – Integer encoder – noc-CM-log - $inv_runtime
	[0.121, 0.088, 0.196, 0.191, 0.087, 0.085, 0.072, 0.085, 0.135, 0.087, 0.081, 0.162, 0.096, 0.117, 0.054, 0.099, 0.151, 0.084, 0.186, 0.079, 0.071, 0.072, 0.135, 0.150, 0.210, 0.057, 0.061, 0.179, 0.091, 0.081, 0.093, 0.103, 0.157, 0.086, 0.160, 0.082, 0.131, 0.143, 0.133, 0.088, 0.135, 0.167, 0.138, 0.085, 0.100, 0.088, 0.159, 0.128, 0.173, 0.097]
	
 Kernel Ridge – Integer encoder – noc-CM-log - $inv_runtime
	[2.455, 2.868, 3.400, 2.570, 2.710, 2.345, 2.697, 2.679, 2.926, 2.205, 2.703, 2.653, 2.668, 3.111, 2.695, 2.848, 2.567, 2.242, 2.956, 2.458, 2.280, 2.993, 2.529, 2.906, 3.044, 2.237, 2.639, 2.695, 2.758, 2.715, 2.748, 2.638, 3.060, 2.681, 2.861, 2.556, 2.839, 2.964, 2.195, 2.552, 2.575, 2.243, 2.273, 2.767, 2.963, 2.846, 2.837, 2.874, 2.963, 2.533]
	
	Random Forest – One hot encoder – llvm - $throughput
	[1975.016, 1432.649, 1814.582, 1282.672, 1696.759, 1792.846, 1701.721, 2161.932, 1769.600, 1692.408, 1742.086, 1220.087, 1886.128, 1832.439, 1771.348, 1613.054, 2187.195, 1932.738, 1532.101, 1793.679, 1748.299, 1565.512, 1695.252, 1682.171, 1961.598, 2217.087, 1788.951, 1691.942, 1443.363, 1612.995, 1828.552, 1418.667, 2231.388, 1804.015, 1597.863, 1648.897, 1758.699, 1648.610, 1747.090, 1972.101, 1595.202, 1923.386, 1932.401, 1636.314, 1626.599, 2004.896, 1702.085, 1182.104, 1764.983, 1880.142]
	
 knn – One hot encoder – llvm - $throughput
	[1962.136, 1522.964, 1852.229, 1437.439, 1900.217, 1968.181, 2177.868, 2609.370, 2174.720, 2363.731, 1828.716, 1178.335, 2254.845, 1888.722, 1860.500, 2054.128, 2925.064, 1899.797, 1886.070, 1910.583, 1773.778, 1535.031, 1896.732, 2411.278, 2486.927, 2249.930, 1710.154, 1979.536, 2004.454, 2159.922, 2251.226, 1763.350, 3065.764, 2055.436, 1566.008, 2062.241, 1811.392, 2016.628, 2305.260, 2406.951, 1518.991, 2429.085, 2403.219, 1725.996, 1660.969, 1979.158, 1709.374, 1524.760, 1807.924, 2518.746]
	
 SVR – One hot encoder – llvm - $ throughput
	[2462.283, 2035.151, 2330.863, 1941.264, 2162.850, 2278.093, 2261.687, 2687.137, 2208.608, 2227.285, 2278.827, 1714.529, 2430.273, 2336.362, 2294.715, 2070.481, 2623.370, 2332.675, 2116.787, 2148.596, 2299.321, 2105.881, 2285.524, 2116.093, 2398.590, 2761.622, 2333.015, 2159.947, 2024.913, 2107.483, 2534.649, 1963.040, 2566.145, 2228.490, 2160.438, 2048.048, 2224.641, 2076.982, 2315.677, 2340.567, 2126.421, 2469.606, 2482.819, 2124.871, 2100.656, 2445.137, 2223.448, 1932.886, 2269.901, 2375.113]
	
 Decision Tree – One hot encoder – llvm - $ throughput
	[1934.579, 1403.107, 1796.258, 1255.063, 1663.540, 1806.581, 1684.879, 2240.320, 1751.572, 1681.422, 1797.243, 1184.044, 1810.548, 1884.885, 1704.827, 1582.582, 2229.070, 1893.764, 1505.305, 1781.409, 1707.457, 1518.529, 1645.760, 1686.945, 1958.416, 2131.079, 1703.276, 1624.696, 1404.543, 1594.891, 2009.075, 1417.179, 2244.903, 1782.996, 1538.188, 1704.240, 1719.957, 1661.269, 1753.408, 1943.863, 1514.217, 1932.310, 1901.419, 1652.308, 1652.391, 2041.369, 1644.959, 1174.820, 1777.726, 1862.540]
	
 Linear Regression – One hot encoder – llvm - $throughput
	[1964.607, 1487.761, 1821.574, 1355.710, 1737.597, 1814.101, 1686.336, 2157.096, 1598.958, 1684.842, 1689.236, 1258.078, 1826.054, 1800.604, 1751.047, 1656.340, 2201.726, 1822.188, 1504.958, 1795.359, 1718.945, 1524.165, 1701.303, 1676.376, 1948.473, 2109.127, 1789.611, 1740.124, 1470.016, 1578.734, 1754.909, 1452.920, 2072.185, 1732.056, 1625.298, 1612.505, 1690.872, 1684.248, 1873.550, 1955.320, 1574.368, 1928.766, 1977.339, 1668.615, 1602.102, 1933.660, 1603.745, 1202.481, 1792.730, 1868.608]
	
 Kernel Ridge – One hot encoder – llvm - $ throughput
	[4202.574, 4157.354, 4382.674, 4457.999, 4239.086, 4384.715, 4358.862, 4249.514, 4357.554, 4101.184, 4387.747, 4069.129, 4352.126, 4487.068, 4282.192, 4207.467, 4560.148, 4479.681, 4437.766, 4115.518, 4156.841, 4246.245, 4391.080, 4384.964, 4261.298, 4501.755, 4318.544, 4325.961, 4197.765, 4320.395, 4523.050, 4187.482, 4295.708, 4373.548, 4277.612, 4238.656, 4262.666, 4322.543, 4268.302, 4400.795, 4390.561, 4231.760, 4377.638, 4337.858, 4217.118, 4244.001, 4467.757, 4165.536, 4356.526, 4294.097]
	
 Random Forest – One hot encoder – llvm - $latency
	[46.708, 50.186, 47.556, 41.074, 39.365, 52.195, 46.465, 54.302, 51.090, 52.880, 48.734, 40.642, 56.004, 47.956, 72.971, 41.872, 53.923, 42.445, 55.261, 45.758, 46.573, 49.467, 52.794, 65.219, 47.940, 49.161, 41.489, 52.860, 44.038, 54.405, 51.522, 49.310, 45.996, 44.768, 43.057, 55.806, 46.005, 51.657, 45.178, 49.237, 53.992, 64.315, 41.102, 46.656, 52.889, 54.664, 47.464, 57.979, 46.752, 39.135]
	
 knn – One hot encoder – llvm - $latency
	[45.346, 56.786, 68.791, 49.714, 51.154, 93.466, 59.480, 69.897, 63.020, 50.983, 63.852, 46.202, 72.042, 52.186, 75.841, 37.905, 66.180, 56.556, 62.068, 53.739, 47.769, 54.559, 58.225, 72.907, 64.084, 54.119, 50.755, 51.844, 47.736, 61.340, 50.646, 62.953, 53.629, 45.556, 41.399, 66.990, 67.836, 58.528, 50.246, 80.041, 56.801, 64.312, 58.150, 51.671, 71.969, 55.566, 50.008, 69.174, 49.092, 44.613]
	
 SVR – One hot encoder – llvm - $latency
	[65.276, 70.803, 64.260, 49.961, 66.270, 70.771, 69.620, 63.885, 79.318, 81.154, 68.862, 53.819, 66.070, 75.455, 79.650, 63.463, 74.356, 61.313, 79.955, 55.827, 63.575, 75.180, 82.059, 76.504, 83.947, 70.932, 52.839, 62.392, 73.757, 70.771, 60.550, 85.297, 59.828, 71.672, 56.773, 76.984, 57.541, 79.255, 67.234, 76.605, 65.146, 79.217, 71.664, 69.180, 84.282, 67.810, 72.392, 69.030, 61.105, 66.660]
	
 Decision Tree – One hot encoder – llvm - $latency
	[46.712, 50.222, 47.239, 41.623, 40.126, 52.389, 46.447, 53.621, 52.481, 55.242, 47.914, 40.382, 55.333, 50.620, 73.423, 41.288, 53.670, 41.674, 56.863, 46.063, 44.410, 48.035, 51.311, 64.807, 50.704, 47.720, 42.021, 52.008, 43.510, 54.476, 49.215, 53.228, 46.777, 44.720, 42.643, 55.401, 45.381, 50.777, 45.826, 49.934, 54.318, 65.081, 44.167, 45.822, 54.889, 54.291, 46.214, 55.930, 47.897, 40.895]
	
 Linear Regression – One hot encoder – llvm - $latency
	[46.935, 50.294, 47.362, 42.203, 40.192, 51.967, 46.611, 53.149, 52.862, 49.291, 48.570, 40.601, 56.698, 48.491, 74.642, 41.776, 53.985, 41.761, 57.001, 43.125, 44.252, 45.937, 50.635, 64.781, 50.725, 47.868, 43.232, 52.007, 43.398, 54.470, 48.476, 48.670, 47.244, 44.642, 42.409, 55.749, 46.427, 50.605, 46.073, 50.504, 54.375, 65.109, 41.288, 45.731, 52.755, 53.858, 46.078, 56.745, 47.982, 38.251]
	
 Kernel Ridge – One hot encoder – llvm - $latency
	[41.698, 57.258, 58.648, 52.400, 46.280, 59.016, 51.417, 56.086, 63.598, 68.211, 57.262, 53.990, 59.070, 61.163, 46.302, 48.308, 55.572, 40.206, 65.683, 65.371, 48.512, 66.497, 65.556, 55.165, 64.046, 53.130, 45.839, 45.362, 46.520, 65.840, 64.710, 67.501, 51.392, 56.114, 52.393, 60.196, 50.616, 58.043, 42.091, 50.863, 57.808, 65.460, 55.687, 56.318, 69.593, 49.664, 52.869, 45.381, 55.108, 57.837]
	
	Random Forest – Integer encoder – llvm - $throughput
	[1947.036, 1494.163, 1854.462, 1341.855, 1710.311, 1822.003, 1735.466, 2284.345, 1617.848, 1690.131, 1793.957, 1201.595, 1922.412, 1869.420, 1763.424, 1618.280, 2191.759, 1865.407, 1517.459, 1812.001, 1736.448, 1513.181, 1658.661, 1714.985, 2044.506, 2208.770, 1720.572, 1789.604, 1451.707, 1623.833, 1872.709, 1449.975, 2269.473, 1756.055, 1608.261, 1612.061, 1747.736, 1709.771, 1834.308, 1935.984, 1650.569, 2023.804, 1982.719, 1707.770, 1652.217, 2029.147, 1742.618, 1173.538, 1757.947, 1831.799]
	
 knn – Integer encoder – llvm - $throughput
	[1963.106, 1507.642, 1717.297, 1366.515, 1803.580, 1893.196, 1634.383, 2055.049, 1444.156, 1707.208, 1707.338, 1248.121, 1862.483, 1820.868, 1799.220, 1663.513, 2202.574, 1916.356, 1536.722, 1685.088, 1787.567, 1451.191, 1594.070, 1633.377, 2039.098, 2165.005, 1851.257, 1793.664, 1500.709, 1488.018, 1997.743, 1456.761, 2194.234, 1725.905, 1676.089, 1684.066, 1640.285, 1576.327, 1944.622, 2166.503, 1609.970, 2057.638, 2184.253, 1612.666, 1607.621, 2139.790, 1812.305, 1185.190, 1811.725, 1899.762]
	
 SVR – Integer encoder – llvm - $ throughput
	[1942.615, 1400.200, 1847.241, 1340.449, 1641.324, 1818.039, 1684.569, 2178.909, 1753.364, 1670.304, 1691.233, 1165.643, 1785.557, 1861.558, 1779.629, 1618.257, 2210.395, 1883.742, 1484.415, 1802.300, 1736.161, 1564.932, 1670.665, 1666.670, 1987.654, 2119.473, 1710.031, 1671.579, 1426.628, 1586.349, 1978.966, 1361.705, 2240.431, 1733.128, 1548.074, 1665.563, 1703.225, 1623.183, 1860.182, 1980.289, 1523.625, 1970.608, 1959.614, 1623.676, 1587.718, 1990.962, 1640.365, 1178.572, 1718.548, 1850.011]
	
 Decision Tree – Integer encoder – llvm - $ throughput
	[1934.579, 1403.107, 1796.258, 1255.063, 1663.540, 1806.581, 1684.879, 2240.320, 1751.572, 1681.422, 1797.243, 1184.044, 1810.548, 1884.885, 1704.827, 1584.326, 2229.070, 1893.764, 1505.305, 1781.409, 1707.457, 1518.529, 1645.760, 1686.945, 1958.416, 2131.079, 1703.276, 1624.696, 1404.543, 1594.891, 2009.075, 1417.179, 2244.903, 1782.996, 1538.188, 1704.240, 1719.957, 1661.269, 1753.408, 1943.863, 1514.217, 1932.310, 1895.216, 1652.308, 1652.391, 2041.369, 1644.959, 1174.820, 1777.726, 1862.540]
	
 Linear Regression – Integer encoder – llvm - $ throughput
	[2036.449, 1666.945, 1851.028, 1447.071, 1771.457, 1861.888, 1748.856, 2178.699, 1642.454, 1734.952, 1694.105, 1355.127, 1887.485, 1843.230, 1796.931, 1776.418, 2196.815, 1825.370, 1553.096, 1821.290, 1740.542, 1609.983, 1772.119, 1779.484, 1905.819, 2141.510, 1899.762, 1833.637, 1562.068, 1739.584, 1752.939, 1569.282, 2120.140, 1763.568, 1706.381, 1749.326, 1756.441, 1780.181, 1873.265, 1978.380, 1636.280, 1991.419, 2112.445, 1668.008, 1722.826, 2078.536, 1554.162, 1426.232, 1887.237, 1946.943]
	
 Kernel Ridge – Integer encoder – llvm - $ throughput
	[5856.925, 5713.705, 5385.244, 6123.016, 5513.873, 5625.877, 5928.741, 5345.946, 5692.316, 5546.143, 5604.812, 5598.830, 5717.994, 5644.181, 5983.730, 5363.939, 5953.858, 5439.835, 5764.317, 5807.937, 5633.106, 5698.163, 5716.830, 5865.253, 5706.106, 5476.517, 5650.841, 5774.783, 5753.027, 5748.466, 5382.515, 5820.956, 5630.831, 5858.260, 5592.878, 5763.949, 5288.527, 5867.982, 6079.515, 5595.201, 6091.616, 5679.281, 5659.971, 5601.553, 5789.051, 5841.239, 5459.876, 5780.276, 5718.367, 5330.264]
	
 Random Forest – Integer encoder – llvm - $latency
	[51.771, 50.330, 47.290, 42.908, 40.567, 52.965, 47.233, 52.889, 53.890, 51.810, 47.260, 41.212, 54.214, 47.810, 73.188, 41.901, 54.858, 41.688, 57.684, 41.917, 45.261, 48.435, 50.779, 62.770, 51.220, 49.868, 43.524, 54.730, 46.890, 53.953, 50.586, 50.515, 45.538, 43.709, 43.499, 55.111, 45.827, 51.521, 44.147, 50.892, 54.094, 68.440, 42.376, 45.704, 53.393, 55.228, 45.831, 59.167, 49.503, 39.857]
	
 knn – Integer encoder – llvm - $latency
	[47.698, 59.068, 72.388, 57.258, 45.163, 91.486, 68.946, 88.130, 62.015, 66.007, 60.952, 51.142, 77.786, 54.788, 72.532, 48.037, 78.320, 49.388, 71.608, 57.409, 48.095, 68.389, 81.026, 66.406, 70.749, 81.308, 63.892, 49.952, 67.912, 74.292, 54.102, 71.945, 47.635, 60.948, 47.907, 86.967, 59.912, 66.593, 48.689, 63.540, 54.637, 89.298, 58.125, 70.778, 72.868, 58.731, 59.217, 72.107, 56.959, 48.307]
	
 SVR – Integer encoder – llvm - $latency
	[56.925, 62.314, 55.819, 56.990, 56.891, 64.316, 63.901, 59.432, 69.850, 67.962, 64.174, 48.815, 62.420, 64.191, 67.582, 54.453, 71.077, 49.614, 72.285, 58.648, 56.703, 65.194, 69.574, 67.975, 68.483, 59.685, 49.447, 53.630, 63.731, 63.396, 60.406, 72.084, 55.193, 61.105, 54.448, 67.917, 60.255, 60.997, 57.831, 68.248, 59.563, 72.086, 58.473, 61.371, 71.813, 61.492, 60.157, 58.590, 56.118, 55.444]
	
 Decision Tree – Integer encoder – llvm - $latency
	[46.712, 50.222, 47.239, 41.623, 40.126, 52.389, 46.447, 53.621, 52.481, 55.242, 47.914, 40.382, 55.333, 50.620, 73.423, 41.288, 53.670, 41.674, 56.863, 46.063, 44.410, 48.035, 51.311, 64.807, 50.704, 47.720, 42.021, 52.008, 43.510, 54.476, 49.215, 53.228, 46.777, 44.720, 42.643, 55.401, 45.381, 50.777, 45.826, 49.934, 54.318, 65.081, 44.167, 45.822, 54.889, 54.291, 46.214, 55.930, 47.897, 40.895]
	
 Linear Regression – Integer encoder – llvm - $latency
	[40.781, 46.498, 44.379, 41.253, 38.326, 49.465, 45.046, 49.392, 50.553, 48.527, 46.128, 37.385, 51.039, 48.085, 45.228, 39.721, 50.893, 39.271, 53.824, 41.444, 41.546, 45.378, 48.205, 54.036, 48.629, 46.051, 39.601, 43.339, 41.692, 50.098, 45.982, 47.953, 43.899, 43.791, 41.828, 50.496, 43.164, 47.135, 39.313, 46.651, 50.212, 57.644, 40.957, 43.876, 52.032, 49.886, 44.864, 45.676, 43.604, 37.354]
	
 Kernel Ridge – Integer encoder – llvm - $latency
	[79.744, 69.535, 65.592, 70.929, 62.941, 71.370, 68.969, 70.133, 70.778, 67.772, 66.886, 65.312, 76.159, 70.755, 70.837, 66.396, 73.185, 68.590, 72.226, 65.369, 70.672, 66.700, 68.164, 81.625, 67.959, 70.117, 69.856, 68.379, 66.605, 70.347, 69.671, 65.519, 72.603, 71.484, 71.384, 68.294, 65.798, 68.420, 76.583, 67.565, 73.091, 75.624, 65.468, 66.342, 69.213, 74.583, 72.552, 76.873, 71.565, 61.248]
	
	Random Forest – One hot encoder – wc-c1-3d - $throughput
	[4317.888, 5772.559, 5799.129, 5771.577, 6517.355, 5759.809, 6029.446, 6558.369, 6387.247, 6635.582, 6056.456, 5954.560, 6243.047, 5406.146, 6118.079, 5560.071, 6522.958, 5884.864, 5713.099, 6739.980, 6164.797, 6066.456, 5921.982, 5782.180, 5401.735, 5658.210, 5967.851, 6619.010, 5880.926, 6370.503, 5725.116, 6090.629, 6203.356, 5640.420, 5575.348, 6040.905, 6162.997, 6995.490, 5576.640, 6326.931, 5577.452, 7062.303, 5444.786, 6072.354, 5924.313, 5262.428, 5516.348, 6141.633, 6544.748, 5747.635]
	
 knn – One hot encoder – wc-c1-3d - $throughput
	[4348.008, 5642.384, 5732.444, 5370.083, 6578.483, 5888.919, 5931.290, 6148.751, 6737.289, 6190.413, 6002.927, 5752.428, 5913.279, 5424.837, 5605.769, 5690.003, 6763.704, 5910.762, 5422.716, 6441.519, 6365.231, 6642.204, 5900.723, 5939.291, 5192.820, 5775.966, 5598.236, 5855.998, 6016.641, 5894.053, 5430.999, 5988.444, 6405.200, 5457.648, 5549.741, 5658.310, 6143.388, 6782.470, 5590.033, 6317.641, 5548.498, 6950.262, 5514.891, 5887.708, 6177.830, 5346.636, 5378.561, 6001.056, 6130.694, 5904.253]
	
 SVR – One hot encoder – wc-c1-3d - $ throughput
	[4263.997, 5588.361, 5606.404, 5517.348, 6613.531, 5659.919, 6027.010, 6372.497, 6308.965, 6410.031, 5888.010, 5794.191, 6075.843, 5261.265, 5659.461, 5189.085, 6438.088, 5867.533, 5650.361, 6776.446, 6186.059, 6059.066, 5802.664, 5761.669, 5139.032, 5670.341, 5974.657, 6200.271, 5724.862, 6248.050, 5311.001, 5869.062, 6189.169, 5307.511, 5538.694, 5564.261, 6199.511, 6911.137, 5578.270, 6382.245, 5338.418, 7015.281, 5368.733, 5947.050, 5760.269, 5145.329, 5373.537, 6101.934, 6293.904, 5903.157]
	
 Decision Tree – One hot encoder – wc-c1-3d - $ throughput
	[4378.807, 5598.418, 5866.916, 5966.342, 6499.518, 5910.569, 6234.817, 6501.681, 6553.644, 6729.023, 6329.742, 5731.824, 6165.939, 5363.708, 6073.080, 5351.808, 6282.008, 5687.010, 5669.461, 6741.372, 6389.365, 5660.946, 5965.855, 5911.759, 5339.087, 5484.032, 6142.428, 6609.821, 5879.722, 6227.091, 5101.882, 5898.778, 5939.659, 5550.567, 5531.796, 5682.485, 6404.018, 7145.609, 5514.292, 6659.492, 5868.748, 6764.951, 5822.537, 6301.584, 6226.303, 5239.030, 5477.844, 5919.149, 6395.328, 5861.549]
	
 Linear Regression – One hot encoder – wc-c1-3d - $throughput
	[4294.125, 5676.969, 6006.674, 5950.940, 6647.129, 6213.958, 6178.250, 6660.487, 6604.362, 6632.965, 6091.087, 6056.622, 6557.237, 5440.516, 6200.291, 5545.674, 6678.509, 6059.551, 5996.979, 7046.350, 6295.455, 6137.887, 6051.504, 5769.602, 5341.248, 5759.409, 6266.548, 6845.244, 6020.927, 6408.893, 5431.370, 6152.135, 6386.534, 5571.711, 5675.148, 5857.669, 6496.635, 7200.764, 5689.628, 6653.812, 5747.779, 7325.865, 5801.906, 6158.558, 6001.353, 5325.678, 5580.257, 6371.462, 6687.518, 6004.352]
	
 Kernel Ridge – One hot encoder – wc-c1-3d - $ throughput
	[12984.063, 12564.990, 14476.404, 12359.034, 12691.107, 12613.442, 13478.662, 12010.597, 13687.558, 12826.011, 12371.957, 12775.994, 13862.420, 14871.421, 14648.826, 14177.547, 13272.755, 13179.489, 12315.509, 13514.949, 12875.095, 14145.698, 12905.763, 13416.846, 14915.065, 12974.336, 12591.803, 13833.533, 13781.687, 13975.159, 14170.327, 13794.634, 13981.827, 13420.113, 13332.222, 12648.769, 12661.166, 12728.751, 13510.084, 13254.613, 12524.379, 13336.529, 12507.299, 13592.777, 12753.229, 13549.004, 13482.932, 12403.413, 11901.110, 11993.088]
	
 Random Forest – One hot encoder – wc-c1-3d - $latency
	[846.014, 1198.703, 1426.522, 1260.565, 1571.720, 1017.984, 1166.900, 1357.586, 1386.002, 1333.689, 1249.656, 845.023, 1269.195, 548.787, 1233.827, 1152.285, 1253.337, 1820.648, 1362.631, 1574.734, 1474.898, 1060.095, 1669.544, 453.122, 1010.977, 1131.767, 1146.835, 1308.493, 1527.999, 1487.999, 683.518, 1387.048, 1318.381, 830.156, 733.452, 1069.108, 1750.270, 1632.223, 1372.968, 1443.492, 1204.925, 1733.251, 935.223, 1051.294, 1248.119, 1364.931, 458.226, 1444.531, 1622.475, 1181.112]
	
 knn – One hot encoder – wc-c1-3d - $latency
	[846.141, 1200.116, 1426.733, 1260.371, 1570.728, 1015.298, 1167.963, 1353.180, 1390.841, 1331.903, 1248.775, 844.782, 1270.689, 549.950, 1231.276, 1154.321, 1229.215, 1822.764, 1360.555, 1574.239, 1476.285, 1064.289, 1669.827, 454.772, 1012.484, 1135.383, 1146.356, 1301.806, 1530.139, 1484.169, 684.426, 1389.049, 1318.651, 830.833, 732.432, 1067.774, 1748.627, 1631.168, 1370.100, 1445.477, 1202.565, 1736.450, 934.996, 1051.917, 1251.006, 1365.271, 458.640, 1444.246, 1621.296, 1176.346]
	
 SVR – One hot encoder – wc-c1-3d - $latency
	[846.913, 1199.326, 1427.969, 1262.299, 1572.699, 1018.013, 1170.478, 1358.230, 1387.263, 1336.040, 1249.011, 846.675, 1271.825, 549.710, 1234.222, 1153.281, 1227.504, 1823.161, 1362.378, 1575.273, 1476.370, 1060.836, 1669.040, 453.885, 1011.995, 1133.842, 1147.712, 1310.465, 1527.900, 1490.982, 684.302, 1387.820, 1321.020, 830.320, 735.760, 1068.722, 1751.475, 1631.857, 1373.491, 1447.680, 1202.891, 1737.015, 934.815, 1052.825, 1248.934, 1365.674, 460.159, 1446.064, 1623.061, 1181.438]
	
 Decision Tree – One hot encoder – wc-c1-3d - $latency
	[847.544, 1199.271, 1424.704, 1257.979, 1571.609, 1018.307, 1168.472, 1356.077, 1382.586, 1332.556, 1249.397, 842.267, 1269.246, 549.062, 1233.564, 1152.880, 1227.932, 1819.186, 1359.459, 1572.802, 1473.666, 1062.027, 1671.138, 456.172, 1011.712, 1131.705, 1148.211, 1308.408, 1526.690, 1489.034, 681.884, 1388.002, 1317.633, 830.360, 735.342, 1069.696, 1750.978, 1632.869, 1372.596, 1446.943, 1202.747, 1730.072, 936.141, 1050.760, 1250.059, 1365.075, 457.416, 1443.538, 1619.690, 1179.179]
	
 Linear Regression – One hot encoder – wc-c1-3d - $latency
	[850.916, 1219.444, 1459.635, 1280.841, 1611.313, 1033.219, 1189.995, 1392.069, 1429.030, 1361.759, 1269.069, 862.651, 1296.934, 557.050, 1266.915, 1174.632, 1256.472, 1873.088, 1382.401, 1626.664, 1507.943, 1080.581, 1706.802, 459.556, 1026.300, 1156.599, 1171.206, 1351.095, 1572.786, 1528.090, 690.843, 1424.740, 1350.796, 839.791, 749.100, 1082.592, 1796.930, 1676.774, 1400.239, 1487.171, 1217.760, 1786.966, 950.560, 1073.921, 1272.964, 1390.593, 464.763, 1480.134, 1665.124, 1197.832]
	
 Kernel Ridge – One hot encoder – wc-c1-3d - $latency
	[889.614, 1255.419, 1480.961, 1313.123, 1633.266, 1072.043, 1224.374, 1420.138, 1450.898, 1391.631, 1304.080, 909.003, 1328.549, 613.486, 1293.000, 1207.432, 1285.054, 1883.587, 1413.394, 1637.070, 1531.711, 1114.453, 1727.490, 530.866, 1061.092, 1191.377, 1206.758, 1374.250, 1588.427, 1548.146, 736.299, 1447.483, 1376.348, 885.048, 798.168, 1118.719, 1811.856, 1692.761, 1428.954, 1509.036, 1256.291, 1798.977, 988.681, 1110.614, 1306.387, 1417.252, 527.183, 1503.690, 1686.373, 1234.588]
	
 Random Forest – Integer encoder – wc-c1-3d - $throughput
	[4527.047, 5746.548, 6127.730, 5294.516, 6935.825, 5684.573, 5721.918, 6491.441, 6996.810, 6565.248, 6197.321, 5611.867, 6537.065, 5723.351, 5717.174, 5420.031, 5896.077, 5386.883, 5870.016, 6346.497, 5235.066, 6338.484, 5758.891, 6452.765, 5263.774, 5976.985, 6498.038, 6180.148, 5270.776, 6429.803, 5274.187, 6049.909, 6155.127, 5399.706, 4916.592, 5958.990, 6531.160, 6773.945, 5782.939, 5832.490, 5464.702, 6798.303, 5502.288, 5730.222, 5891.206, 5340.080, 5585.571, 6166.506, 6025.702, 6407.147]
	
 knn – Integer encoder – wc-c1-3d - $throughput
	[4553.319, 5724.237, 5870.015, 5374.934, 7042.401, 5607.559, 5839.741, 7108.969, 7057.776, 6485.482, 6184.572, 5757.587, 6447.690, 5398.482, 5585.153, 5094.177, 6715.112, 5574.010, 5766.563, 6107.254, 5914.944, 6063.726, 6014.998, 6118.816, 4986.132, 5589.117, 5832.569, 6164.579, 5700.842, 6345.678, 5073.064, 6070.743, 6337.156, 5133.444, 5443.755, 5627.378, 5862.493, 7292.747, 6019.898, 5933.879, 5244.310, 7288.870, 5426.911, 5385.113, 5841.970, 5307.480, 5177.816, 6157.299, 5904.853, 6433.895]
	
 SVR – Integer encoder – wc-c1-3d - $ throughput
	[4264.408, 5588.450, 5607.059, 5516.532, 6614.077, 5659.311, 6026.200, 6371.771, 6309.126, 6411.018, 5888.658, 5793.364, 6076.785, 5260.376, 5659.381, 5189.003, 6441.258, 5867.247, 5650.707, 6776.726, 6188.097, 6059.463, 5802.147, 5760.704, 5138.837, 5669.782, 5975.410, 6199.142, 5725.089, 6248.486, 5311.581, 5869.611, 6191.076, 5308.737, 5538.304, 5565.665, 6199.511, 6910.673, 5578.363, 6381.789, 5338.214, 7016.278, 5368.661, 5947.929, 5760.053, 5145.267, 5373.504, 6102.849, 6294.421, 5905.674]
	
 Decision Tree – Integer encoder – wc-c1-3d - $ throughput
	[4345.713, 5660.630, 6367.415, 5997.782, 7605.198, 6716.372, 5817.131, 7622.821, 6936.051, 6608.609, 6432.329, 5249.505, 6031.822, 5458.740, 5332.667, 5294.392, 8058.984, 5414.966, 5857.796, 6123.531, 6066.085, 6131.655, 6063.142, 6234.597, 5373.464, 5624.302, 6682.506, 6182.926, 6063.376, 6351.594, 4980.061, 6499.013, 6243.883, 5344.658, 5401.318, 5523.348, 6359.084, 7729.107, 5863.367, 5367.127, 5345.696, 7571.834, 5287.595, 6011.898, 5873.776, 5318.763, 5602.174, 7026.138, 5960.796, 6508.571]
	
 Linear Regression – Integer encoder – wc-c1-3d - $ throughput
	[4646.069, 6760.521, 6693.823, 6606.621, 8393.735, 6749.878, 7078.931, 8108.790, 7859.075, 7628.969, 7608.579, 6894.478, 7168.389, 6274.306, 6611.028, 6467.919, 7848.686, 6952.769, 6447.961, 8223.839, 7779.694, 7501.543, 7078.389, 7369.549, 5701.391, 6619.838, 6776.239, 7216.642, 6844.880, 7527.443, 5894.141, 6962.242, 7695.346, 6399.069, 5941.481, 6838.001, 7772.068, 8514.059, 6520.750, 7296.019, 6054.583, 8668.193, 6429.853, 7322.186, 6931.685, 6149.384, 6064.390, 7512.548, 7187.050, 7257.596]
	
 Kernel Ridge – Integer encoder – wc-c1-3d - $ throughput
	[11775.321, 13995.746, 13705.493, 13002.755, 15085.490, 14497.034, 14139.298, 14309.881, 14633.999, 14358.577, 14008.503, 12686.435, 13808.622, 12664.682, 14277.458, 12816.337, 15417.553, 14505.217, 14617.797, 14681.074, 13543.360, 14377.729, 14538.790, 13237.649, 13204.297, 13366.833, 15227.894, 14387.111, 13313.640, 14445.018, 11976.421, 14121.814, 15006.060, 12925.399, 13192.106, 14020.093, 15067.093, 15697.330, 13307.828, 13800.383, 13910.453, 15549.849, 13052.107, 14164.623, 13566.801, 13049.445, 13225.653, 14892.858, 13250.546, 13882.946]
	
 Random Forest – Integer encoder – wc-c1-3d - $latency	
	[846.253, 1201.048, 1428.074, 1254.886, 1574.766, 1012.401, 1164.524, 1360.974, 1391.569, 1332.637, 1250.680, 835.423, 1270.150, 552.688, 1227.935, 1150.497, 1218.805, 1817.024, 1361.423, 1572.424, 1466.305, 1061.936, 1664.717, 457.470, 1013.326, 1132.620, 1150.406, 1296.682, 1526.029, 1488.629, 683.000, 1389.188, 1317.124, 829.411, 731.494, 1069.556, 1750.932, 1632.588, 1371.909, 1430.235, 1203.478, 1732.245, 934.687, 1048.767, 1247.200, 1363.559, 460.155, 1445.483, 1620.752, 1183.217]
	
 knn – Integer encoder – wc-c1-3d - $latency
	[846.899, 1200.404, 1428.012, 1258.137, 1575.608, 1015.180, 1169.844, 1366.512, 1392.142, 1337.756, 1250.625, 842.736, 1272.816, 551.689, 1233.020, 1150.200, 1228.929, 1822.512, 1364.281, 1577.359, 1474.568, 1063.967, 1671.051, 455.423, 1013.473, 1131.127, 1146.025, 1308.662, 1526.633, 1490.869, 681.421, 1387.269, 1322.353, 829.440, 734.769, 1069.037, 1751.348, 1637.330, 1374.548, 1441.966, 1200.920, 1741.933, 935.287, 1049.302, 1250.420, 1366.489, 458.055, 1445.117, 1620.306, 1181.159]
	
 SVR – Integer encoder – wc-c1-3d - $latency
	[846.931, 1199.322, 1427.618, 1261.815, 1572.657, 1018.026, 1170.265, 1358.372, 1386.783, 1335.764, 1248.914, 846.432, 1271.804, 549.371, 1234.058, 1153.688, 1227.412, 1822.991, 1362.380, 1575.382, 1475.745, 1060.963, 1669.153, 454.001, 1012.153, 1133.882, 1148.366, 1309.866, 1527.461, 1491.707, 684.126, 1387.825, 1320.466, 830.187, 735.524, 1068.537, 1751.762, 1632.052, 1373.765, 1447.286, 1202.951, 1736.936, 934.840, 1052.834, 1248.902, 1365.527, 459.899, 1446.166, 1623.255, 1181.448]
	
 Decision Tree – Integer encoder – wc-c1-3d - $latency
	[846.159, 1198.629, 1427.272, 1258.426, 1573.519, 1012.892, 1230.435, 1361.419, 1389.959, 1336.430, 1250.340, 880.546, 1269.356, 552.314, 1226.192, 1153.089, 1237.632, 1823.920, 1363.769, 1572.306, 1468.420, 1059.234, 1832.431, 489.248, 1013.847, 1133.450, 1145.413, 1293.658, 1525.455, 1489.535, 683.065, 1386.168, 1322.198, 829.061, 732.146, 1087.778, 1751.575, 1633.685, 1372.747, 1440.902, 1201.091, 1733.917, 935.404, 1048.388, 1391.895, 1365.772, 456.879, 1441.687, 1620.365, 1178.935]
	
 Linear Regression – Integer encoder – wc-c1-3d - $latency
	[888.536, 1315.934, 1591.618, 1385.132, 1809.988, 1101.667, 1284.775, 1570.474, 1571.044, 1494.908, 1390.217, 941.929, 1410.760, 591.118, 1375.994, 1268.871, 1359.206, 2094.963, 1490.741, 1800.986, 1671.115, 1164.872, 1867.553, 509.943, 1077.314, 1266.874, 1269.565, 1475.502, 1726.837, 1685.939, 721.775, 1562.289, 1476.706, 898.541, 793.846, 1160.446, 2015.349, 1847.166, 1524.250, 1656.383, 1312.857, 1968.491, 1018.375, 1161.598, 1401.840, 1521.689, 498.595, 1615.355, 1869.971, 1307.529]
	
 Kernel Ridge – Integer encoder – wc-c1-3d - $latency
	[847.134, 1233.277, 1477.377, 1291.235, 1652.587, 1038.052, 1195.533, 1426.545, 1450.331, 1387.456, 1294.289, 865.534, 1299.211, 553.651, 1255.985, 1183.474, 1270.464, 1931.021, 1392.078, 1681.557, 1543.692, 1080.995, 1747.766, 459.328, 1020.968, 1161.389, 1183.112, 1357.480, 1601.279, 1551.339, 685.879, 1438.937, 1355.962, 840.199, 741.979, 1089.157, 1856.510, 1728.991, 1422.759, 1516.827, 1220.612, 1824.884, 955.839, 1079.896, 1294.320, 1409.696, 454.865, 1507.701, 1726.770, 1216.160]

