sort-256 RF <$b Label
40.477
42.359
42.382
43.126
43.136
43.161
43.804
43.729
43.210
43.165
43.114
43.184
43.471
43.792
43.270
43.190
44.140
43.544
43.519
43.688
43.858
43.325
43.430
44.029
43.420
43.059
43.696
43.668
43.696
43.693
43.515
43.443
43.429
43.513
43.832
43.402
43.783
43.277
43.443
43.223
43.580
43.513
43.452
43.349
43.360
70.863
106.399
119.402
92.737
87.653
sort-256 knn <$b Label
1.378
1.224
1.467
1.747
1.809
1.819
1.689
1.799
1.760
1.732
1.719
1.767
1.779
1.776
1.772
1.768
1.796
1.856
1.749
1.967
1.879
2.074
1.859
1.233
1.380
2.134
1.718
1.514
1.151
1.471
1.420
1.393
1.411
1.637
1.215
1.557
1.517
2.064
1.981
2.023
1.902
1.799
1.898
1.840
1.815
1.722
1.724
1.818
1.946
1.788
sort-256 SVR <$b Label
9.535
12.795
11.689
7.000
7.449
11.839
14.161
14.348
14.759
15.046
13.634
14.395
14.071
14.121
13.732
13.038
8.140
8.383
8.047
7.810
7.991
7.700
8.546
7.923
8.221
8.348
7.345
8.747
7.943
8.502
7.862
8.591
7.672
8.038
8.359
8.515
8.028
8.017
8.114
9.030
12.568
12.287
13.790
12.650
12.418
12.122
12.509
13.317
13.168
12.340
sort-256 DT <$b Label
0.547
0.603
0.637
0.732
0.613
0.552
0.583
0.638
0.676
0.604
0.629
0.577
0.554
0.560
0.461
0.557
0.672
0.594
0.663
0.571
0.591
0.704
0.533
0.624
0.636
0.599
0.641
0.621
0.650
0.708
1.018
0.783
0.632
0.748
0.587
0.488
0.587
0.731
0.635
0.676
0.625
0.554
0.532
0.510
0.560
0.512
0.768
0.544
0.576
0.663
sort-256 LR <$b Label
0.071
0.102
0.131
0.080
0.101
0.072
0.084
0.090
0.078
0.178
0.119
0.096
0.104
0.107
0.060
0.090
0.078
0.128
0.069
0.065
0.115
0.096
0.054
0.105
0.089
0.070
0.043
0.051
0.144
0.059
0.104
0.097
0.070
0.160
0.036
0.050
0.085
0.100
0.092
0.079
0.081
0.091
0.082
0.116
0.061
0.088
0.163
0.060
0.168
0.111
sort-256 KR <$b Label
9.051
9.533
12.027
13.794
13.702
14.620
12.960
8.786
12.248
12.092
11.579
12.154
11.868
10.418
15.129
13.579
13.902
15.288
13.984
15.499
11.168
15.050
13.046
10.610
14.708
14.403
15.088
13.880
14.509
14.705
13.641
9.540
15.176
14.707
16.121
14.141
16.618
15.577
17.252
16.849
17.137
15.455
15.393
15.749
15.933
13.624
8.888
8.768
12.314
8.606
sort-256 RF <$a Label
108.406
111.070
72.971
64.715
66.724
122.217
119.469
105.353
87.921
101.098
92.155
84.027
76.340
63.740
50.524
51.744
50.310
51.456
67.565
92.928
94.080
112.512
66.583
36.342
36.691
36.829
37.036
37.265
37.612
37.679
37.575
37.988
37.532
37.756
37.423
37.934
38.021
37.571
37.451
37.524
37.502
37.523
38.062
37.810
37.610
37.621
37.849
37.628
37.757
37.932

sort-256 knn <$a Label
1.283
0.682
0.626
0.690
0.650
0.613
0.637
0.635
0.796
0.810
0.685
0.643
0.665
0.641
0.792
0.833
0.677
0.696
0.791
0.690
0.657
0.667
0.779
0.770
0.686
0.658
0.637
0.777
0.642
0.692
0.674
0.634
0.697
0.667
0.649
0.672
0.656
0.640
0.667
0.688
0.716
0.687
0.819
0.810
0.693
0.752
0.750
0.654
0.631
0.620
sort-256 SVR <$a Label
2.503
2.517
2.653
2.960
2.726
2.837
2.791
2.789
2.798
2.670
2.713
2.730
2.728
3.283
2.904
2.737
2.703
2.677
2.684
2.695
2.632
2.606
2.721
2.646
2.580
2.608
2.599
2.579
2.507
2.526
2.538
2.532
2.606
2.494
2.478
2.582
2.513
2.538
2.602
2.604
2.464
2.691
2.498
2.573
2.538
2.513
2.601
2.565
2.534
2.685
sort-256 DT <$a Label
0.260
0.253
0.260
0.281
0.253
0.251
0.251
0.251
0.254
0.248
0.247
0.260
0.255
0.251
0.249
0.247
0.259
0.248
0.248
0.260
0.248
0.251
0.255
0.250
0.266
0.256
0.249
0.247
0.253
0.249
0.247
0.250
0.249
0.247
0.243
0.242
0.248
0.251
0.250
0.255
0.255
0.251
0.260
0.251
0.248
0.252
0.244
0.250
0.245
0.243
sort-256 LR <$a Label
0.040
0.040
0.045
0.046
0.041
0.045
0.044
0.041
0.043
0.041
0.041
0.042
0.040
0.042
0.043
0.042
0.040
0.048
0.044
0.041
0.040
0.055
0.061
0.056
0.037
0.039
0.036
0.037
0.039
0.037
0.037
0.036
0.036
0.035
0.036
0.035
0.035
0.036
0.034
0.036
0.036
0.039
0.039
0.037
0.037
0.036
0.038
0.036
0.036
0.037
sort-256 KR <$a Label
3.720
3.739
4.233
3.651
3.711
3.895
3.869
4.158
4.153
4.563
4.144
3.909
3.825
3.823
3.793
3.778
3.805
3.744
3.731
3.750
3.747
3.701
3.699
3.716
3.731
3.748
3.825
3.713
3.748
3.712
3.710
3.712
3.758
3.700
3.737
3.724
3.762
3.769
3.794
3.792
3.728
3.777
3.761
3.765
4.005
3.902
3.973
3.821
3.828
3.783
sort-256 RF <$b OHE
62.246
65.273
60.487
60.584
60.352
60.630
61.392
61.016
63.407
60.886
61.846
63.503
69.720
63.650
65.067
64.365
62.987
63.215
64.363
63.264
63.061
63.217
62.794
64.416
62.437
65.427
65.068
63.483
64.491
62.933
63.525
63.673
63.435
64.601
65.759
62.099
64.220
65.762
62.707
63.641
62.430
63.278
63.027
63.267
63.312
63.552
63.599
63.553
97.927
122.118
sort-256 knn <$b OHE
2.231
2.088
2.668
2.359
2.615
2.240
1.905
1.831
1.832
1.693
1.684
1.869
1.467
1.611
1.683
1.751
1.741
2.500
2.387
2.332
2.344
2.425
2.473
2.541
2.695
2.476
2.675
2.705
2.472
2.572
2.782
2.520
2.322
2.414
2.592
2.428
2.916
1.875
1.802
1.908
1.823
1.673
1.889
1.845
1.717
1.710
1.849
1.653
1.882
1.562
sort-256 SVR <$b OHE
9.767
12.450
11.749
11.408
9.010
7.128
6.944
6.173
6.479
6.310
7.483
11.072
11.007
11.351
10.911
10.589
11.083
11.068
11.287
11.153
10.906
10.920
11.071
10.858
10.939
11.058
10.972
10.946
11.384
11.102
11.287
11.131
11.151
10.933
10.749
11.044
11.019
11.458
10.913
11.144
11.796
8.242
6.322
6.625
5.992
6.139
6.456
6.177
6.168
6.294
sort-256 DT <$b OHE
Execution time: 1.3679378032684326 seconds
Execution time: 1.275745153427124 seconds
Execution time: 1.210442066192627 seconds
Execution time: 1.3270843029022217 seconds
Execution time: 1.2566537857055664 seconds
Execution time: 1.267672061920166 seconds
Execution time: 1.2635221481323242 seconds
Execution time: 1.2844226360321045 seconds
Execution time: 1.2369163036346436 seconds
Execution time: 1.1164801120758057 seconds
Execution time: 1.2063565254211426 seconds
Execution time: 1.1853342056274414 seconds
Execution time: 1.3626413345336914 seconds
Execution time: 1.2820649147033691 seconds
Execution time: 1.256014108657837 seconds
Execution time: 1.8273241519927979 seconds
Execution time: 1.8584754467010498 seconds
Execution time: 2.3431527614593506 seconds
Execution time: 2.488950490951538 seconds
Execution time: 1.8890931606292725 seconds
Execution time: 1.9942262172698975 seconds
Execution time: 1.8993306159973145 seconds
Execution time: 2.2171103954315186 seconds
Execution time: 2.2491559982299805 seconds
Execution time: 2.03247332572937 seconds
Execution time: 2.0154595375061035 seconds
Execution time: 2.125386953353882 seconds
Execution time: 1.9567945003509521 seconds
Execution time: 2.029895067214966 seconds
Execution time: 2.1949641704559326 seconds
Execution time: 2.3979568481445312 seconds
Execution time: 2.0886871814727783 seconds
Execution time: 2.7111504077911377 seconds
Execution time: 2.4989137649536133 seconds
Execution time: 1.3211033344268799 seconds
Execution time: 1.3334403038024902 seconds
Execution time: 1.3785099983215332 seconds
Execution time: 1.5058786869049072 seconds
Execution time: 1.3446393013000488 seconds
Execution time: 1.4413423538208008 seconds
Execution time: 1.3798754215240479 seconds
Execution time: 1.243725299835205 seconds
Execution time: 1.3689181804656982 seconds
Execution time: 1.1975972652435303 seconds
Execution time: 1.3581697940826416 seconds
Execution time: 1.2044644355773926 seconds
Execution time: 1.2482049465179443 seconds
Execution time: 1.1757376194000244 seconds
Execution time: 1.1093125343322754 seconds
Execution time: 1.2882323265075684 seconds
sort-256 LR <$b OHE
Execution time: 0.2658987045288086 seconds
Execution time: 0.24118757247924805 seconds
Execution time: 0.26101183891296387 seconds
Execution time: 0.2326488494873047 seconds
Execution time: 0.20650768280029297 seconds
Execution time: 0.29488062858581543 seconds
Execution time: 0.33540964126586914 seconds
Execution time: 0.281494140625 seconds
Execution time: 0.24074220657348633 seconds
Execution time: 0.21629643440246582 seconds
Execution time: 0.2618105411529541 seconds
Execution time: 0.26532602310180664 seconds
Execution time: 0.25349998474121094 seconds
Execution time: 0.24399828910827637 seconds
Execution time: 0.21286439895629883 seconds
Execution time: 0.23617172241210938 seconds
Execution time: 0.24531102180480957 seconds
Execution time: 0.2653470039367676 seconds
Execution time: 0.19797873497009277 seconds
Execution time: 0.26727867126464844 seconds
Execution time: 0.38942956924438477 seconds
Execution time: 0.4054903984069824 seconds
Execution time: 0.3609349727630615 seconds
Execution time: 0.23145484924316406 seconds
Execution time: 0.18831992149353027 seconds
Execution time: 0.22840642929077148 seconds
Execution time: 0.26358461380004883 seconds
Execution time: 0.2586507797241211 seconds
Execution time: 0.291637659072876 seconds
Execution time: 0.25377440452575684 seconds
Execution time: 0.2414875030517578 seconds
Execution time: 0.2018895149230957 seconds
Execution time: 0.2365105152130127 seconds
Execution time: 0.23897838592529297 seconds
Execution time: 0.23529481887817383 seconds
Execution time: 0.31761670112609863 seconds
Execution time: 0.27223944664001465 seconds
Execution time: 0.35913872718811035 seconds
Execution time: 0.34779882431030273 seconds
Execution time: 0.24694514274597168 seconds
Execution time: 0.18448877334594727 seconds
Execution time: 0.277691125869751 seconds
Execution time: 0.31841588020324707 seconds
Execution time: 0.3082575798034668 seconds
Execution time: 0.2703514099121094 seconds
Execution time: 0.26520371437072754 seconds
Execution time: 0.19385623931884766 seconds
Execution time: 0.2660205364227295 seconds
Execution time: 0.22410225868225098 seconds
Execution time: 0.3413553237915039 seconds
sort-256 KR <$b OHE
14.851
16.268
17.925
18.357
18.792
20.303
16.657
17.360
18.731
15.588
15.730
17.851
19.320
20.838
19.547
20.640
19.898
20.240
18.728
19.051
19.126
23.700
19.686
18.828
19.289
18.890
20.241
19.392
20.549
20.299
18.789
20.088
20.250
19.351
19.964
19.020
19.040
18.591
20.977
20.099
18.769
20.618
19.539
16.604
16.892
19.554
19.712
19.700
19.561
18.911
sort-256 RF <$a OHE
46.644
73.157
99.972
47.755
43.058
43.143
42.373
42.411
42.317
42.527
43.026
45.111
43.026
42.698
42.885
42.982
43.011
43.563
42.965
43.142
43.244
43.129
43.145
43.363
43.230
43.538
43.127
43.148
43.066
43.188
43.293
43.429
43.119
43.296
43.331
43.288
43.196
43.275
44.488
43.424
43.525
43.235
43.183
43.399
44.102
43.577
43.240
43.271
43.130
43.162
sort-256 knn <$a OHE
0.834
0.851
0.818
0.798
0.806
0.804
0.797
0.801
0.797
0.796
0.796
0.796
0.793
0.808
0.820
0.819
0.832
0.801
0.823
0.804
0.796
0.814
0.806
0.812
0.806
0.802
0.813
0.859
0.820
0.815
0.816
0.813
0.793
0.798
0.816
0.838
0.815
0.814
0.827
0.839
0.845
0.831
0.805
0.798
0.820
0.816
0.821
0.842
0.833
0.852
sort-256 SVR <$a OHE
3.070
3.013
3.075
3.001
2.969
2.972
3.047
2.979
3.013
3.154
2.976
3.011
3.136
3.100
3.110
3.050
3.069
3.086
3.129
3.076
3.088
3.058
3.059
3.119
3.056
3.068
3.109
3.069
3.140
3.141
3.063
3.103
3.041
3.082
3.057
3.091
3.044
3.066
3.110
3.059
3.054
3.067
3.050
3.089
3.068
3.035
3.059
3.097
3.077
3.066
sort-256 DT <$a OHE
0.440
0.444
0.465
0.471
0.430
0.424
0.422
0.428
0.430
0.424
0.426
0.424
0.435
0.423
0.422
0.435
0.429
0.449
0.440
0.489
0.452
0.443
0.453
0.445
0.448
0.448
0.454
0.444
0.438
0.436
0.441
0.437
0.432
0.447
0.458
0.430
0.436
0.442
0.458
0.442
0.446
0.432
0.446
0.457
0.465
0.427
0.435
0.425
0.430
0.425
sort-256 LR <$a OHE
0.089
0.102
0.085
0.099
0.088
0.091
0.087
0.084
0.085
0.088
0.083
0.084
0.086
0.086
0.088
0.094
0.110
0.083
0.084
0.095
0.098
0.087
0.097
0.099
0.098
0.091
0.098
0.083
0.085
0.085
0.083
0.082
0.085
0.085
0.083
0.082
0.087
0.085
0.082
0.095
0.096
0.097
0.084
0.099
0.092
0.083
0.081
0.081
0.092
0.082
sort-256 KR <$a OHE
17.054
18.077
18.592
18.909
19.653
22.322
19.912
18.237
21.636
20.183
20.265
21.731
20.412
22.732
16.699
13.593
13.648
14.718
16.145
14.429
13.642
13.714
14.584
15.849
13.716
14.278
15.589
15.820
17.696
15.034
16.319
16.396
15.465
14.412
17.308
16.457
15.202
16.642
17.136
15.400
16.005
16.258
17.111
14.947
18.662
17.489
17.998
16.626
15.330
16.496
wc-3c-3d  $throughput RF Label
90.227
93.046
90.847
88.621
89.938
88.365
88.624
91.401
89.647
89.264
88.831
90.712
89.620
89.654
88.836
89.556
89.444
88.726
89.212
88.832
90.009
88.574
88.928
89.962
89.963
88.647
88.589
90.081
89.911
89.446
93.970
178.627
243.279
246.037
245.619
243.849
246.278
250.737
249.490
250.689
243.068
253.165
244.723
247.513
251.264
277.290
135.294
124.851
108.503
85.435

wc-3c-3d  $throughput knn Label
1.656
1.809
1.591
1.527
1.604
1.548
1.623
1.667
1.636
1.607
1.406
1.540
1.654
1.605
1.582
1.474
1.443
1.798
1.621
1.461
1.523
1.565
1.527
1.665
1.683
1.449
1.796
1.446
1.543
1.647
1.462
1.499
1.539
1.469
1.516
1.766
1.497
1.557
1.491
1.489
1.498
1.532
1.599
1.423
1.484
1.556
1.540
1.643
1.601
1.575
wc-3c-3d  $throughput SVR Label
60.710
58.881
59.005
58.821
59.094
59.264
58.844
59.228
59.399
59.784
58.433
58.195
59.649
58.352
59.101
58.611
58.277
58.824
60.901
58.566
59.053
58.880
58.662
62.758
57.559
56.738
57.322
57.109
74.196
57.977
56.836
56.278
57.599
57.605
57.163
57.100
57.540
74.447
103.307
86.792
85.671
86.427
85.463
105.186
128.499
147.973
151.410
97.465
108.511
94.325
wc-3c-3d  $throughput DT Label
1.343
1.490
1.433
1.217
1.117
1.128
1.297
1.178
1.326
1.127
1.195
1.356
1.218
1.327
1.244
1.217
1.245
1.200
1.357
1.276
1.145
1.282
1.242
1.455
1.426
1.286
1.404
1.390
1.263
1.320
1.289
1.396
1.547
1.421
2.213
1.946
2.364
2.073
2.047
2.364
2.514
2.136
2.299
2.101
1.538
1.238
1.228
1.414
1.314
1.290
wc-3c-3d  $throughput LR Label
0.126
0.141
0.068
0.118
0.072
0.126
0.071
0.148
0.139
0.142
0.091
0.099
0.100
0.128
0.131
0.135
0.112
0.085
0.088
0.106
0.131
0.134
0.124
0.128
0.127
0.107
0.093
0.082
0.108
0.057
0.126
0.133
0.082
0.150
0.094
0.094
0.103
0.064
0.108
0.093
0.113
0.059
0.114
0.102
0.099
0.097
0.107
0.077
0.093
0.103
wc-3c-3d  $throughput KR Label
84.380
84.807
88.455
87.652
83.531
88.023
86.294
88.034
92.505
88.364
84.206
85.417
101.580
94.844
88.579
87.555
91.710
89.170
89.182
89.414
89.198
89.532
90.496
89.282
91.984
89.330
91.643
93.832
91.451
88.964
90.307
88.820
92.516
95.121
93.972
97.947
87.930
89.188
97.114
85.525
86.924
87.683
86.750
87.571
87.314
87.171
87.897
88.957
87.543
87.785
wc-3c-3d  $latency RF Label
221.199
291.111
206.433
182.379
184.494
160.631
154.641
150.544
261.303
304.141
256.924
250.068
185.812
92.773
92.231
92.083
91.672
90.826
91.159
97.041
93.473
94.194
94.176
94.353
93.823
93.204
93.482
93.601
94.075
93.630
93.780
94.900
93.907
93.435
93.485
93.819
93.508
94.009
93.121
94.912
93.014
96.848
105.392
103.416
102.008
105.188
106.920
100.707
102.192
98.944
wc-3c-3d  $latency knn Label
0.869
0.852
0.886
0.920
0.863
0.907
0.889
0.914
0.865
0.887
0.831
0.866
0.898
0.906
0.862
0.858
0.924
0.910
0.888
0.929
0.853
0.855
0.891
0.906
0.872
0.877
0.944
0.887
0.893
0.942
0.893
0.873
0.976
0.954
0.988
0.996
1.034
0.914
0.948
0.889
0.887
0.883
0.898
0.922
0.893
0.923
0.914
0.920
0.921
0.892
wc-3c-3d  $latency SVR Label
63.187
61.430
66.654
68.393
70.530
68.379
69.667
68.689
66.082
62.348
62.074
62.170
65.896
61.703
62.121
59.479
60.508
60.588
59.042
60.302
58.486
62.951
59.827
60.991
59.331
58.730
61.384
62.821
63.913
65.296
58.776
60.887
60.497
67.458
72.643
68.233
69.820
59.679
60.816
65.860
65.592
60.733
61.879
66.746
70.891
68.112
62.628
62.409
60.362
59.492
wc-3c-3d  $latency DT Label
0.738
0.740
0.719
0.735
0.741
0.732
0.716
0.724
0.752
0.727
0.678
0.727
0.746
0.717
0.721
0.708
0.725
0.734
0.722
0.702
0.692
0.704
0.747
0.748
0.743
0.716
0.789
0.824
0.906
0.763
0.857
0.769
0.767
0.922
0.986
0.907
0.752
0.723
0.846
0.804
0.778
0.748
0.724
0.765
0.864
0.721
0.755
0.818
0.778
0.762
wc-3c-3d  $latency LR Label
0.043
0.041
0.039
0.039
0.037
0.036
0.038
0.039
0.038
0.038
0.037
0.036
0.037
0.036
0.037
0.037
0.037
0.037
0.037
0.037
0.037
0.038
0.038
0.037
0.037
0.044
0.038
0.038
0.038
0.038
0.036
0.038
0.039
0.039
0.040
0.036
0.037
0.038
0.036
0.037
0.037
0.057
0.038
0.037
0.037
0.037
0.037
0.037
0.039
0.037
wc-3c-3d  $latency KR Label
96.822
94.133
93.538
93.988
94.509
95.824
95.645
95.273
96.229
95.349
93.808
95.424
95.122
94.450
93.191
94.492
95.494
97.721
93.241
97.780
96.755
97.473
97.858
95.892
98.425
98.356
98.484
98.236
94.088
91.373
181.976
234.506
238.655
250.480
183.790
198.741
189.389
180.092
184.674
172.650
194.909
182.275
183.784
175.786
177.825
193.262
218.118
205.907
87.186
80.319
wc-3c-3d  $throughput RF OHE
218.127
319.981
333.874
128.325
113.119
120.969
114.309
114.512
114.725
116.111
114.409
112.342
111.920
113.151
113.109
113.862
115.066
113.140
114.033
115.518
116.400
114.424
115.345
258.236
291.592
295.746
184.622
163.996
174.767
207.574
304.098
141.236
110.818
112.123
113.129
112.739
112.396
114.879
118.379
119.621
117.652
115.957
117.705
118.127
116.967
117.427
117.311
116.795
118.149
117.119
wc-3c-3d  $throughput knn OHE
3.150
2.966
3.008
3.030
2.945
2.863
2.855
2.843
2.848
2.868
2.849
2.953
2.933
2.851
2.840
2.802
2.853
2.847
2.848
2.833
2.846
2.828
2.826
2.866
2.849
3.081
3.166
2.833
2.798
2.731
2.716
2.679
2.672
2.695
2.727
2.722
2.705
2.795
2.766
2.708
2.710
2.715
2.733
2.729
2.795
3.357
3.327
3.520
2.920
2.782
wc-3c-3d  $throughput SVR OHE
52.258
49.598
50.369
49.998
49.515
49.956
49.323
49.423
49.276
49.110
48.974
48.933
49.433
49.315
48.909
48.943
49.062
49.120
49.090
48.913
49.076
48.925
48.892
48.824
52.206
53.420
50.419
49.071
49.016
48.693
48.906
48.605
48.785
49.254
48.871
48.730
48.998
48.722
49.779
49.141
49.406
49.030
49.045
48.870
48.933
48.707
49.028
48.811
49.080
48.710
wc-3c-3d  $throughput DT OHE
2.920
2.802
2.919
2.667
2.874
2.785
2.823
2.884
2.738
2.829
2.691
2.672
2.805
2.794
2.773
2.596
2.829
2.766
2.740
2.602
2.721
2.764
2.610
2.614
2.679
2.517
2.540
2.703
2.597
2.597
2.704
2.687
2.827
3.478
3.917
3.678
3.920
3.953
3.959
4.367
3.942
3.818
3.977
4.045
4.044
3.950
4.717
5.609
4.346
4.370
wc-3c-3d  $throughput LR OHE
0.213
0.166
0.132
0.133
0.211
0.265
0.324
0.185
0.215
0.270
0.181
0.269
0.220
0.219
0.234
0.198
0.212
0.195
0.254
0.156
0.147
0.188
0.177
0.307
0.325
0.194
0.231
0.176
0.239
0.234
0.164
0.208
0.286
0.263
0.212
0.258
0.203
0.237
0.155
0.175
0.184
0.164
0.188
0.301
0.180
0.175
0.170
0.247
0.218
0.183
wc-3c-3d  $throughput KR OHE
105.130
163.042
165.410
165.200
164.877
166.276
172.569
176.674
178.750
176.102
175.728
176.305
175.003
168.563
166.024
165.187
165.392
166.032
176.432
186.156
176.629
177.181
174.289
173.177
119.972
85.031
89.111
87.939
89.904
89.904
89.192
86.852
94.098
99.622
99.045
90.663
92.161
89.927
83.696
83.443
83.354
84.994
88.446
88.721
91.511
89.123
88.434
88.886
89.095
98.299
wc-3c-3d  $latency RF OHE
255.309
310.017
333.824
344.635
340.240
337.763
338.579
341.816
339.631
334.873
327.228
334.862
197.670
107.903
106.504
107.738
108.992
108.632
109.028
108.109
108.233
108.766
108.385
108.996
109.051
110.578
109.386
108.098
108.712
109.816
108.385
109.148
108.639
108.795
108.904
116.683
118.324
112.386
116.626
119.417
109.681
106.579
124.907
116.344
111.404
109.142
111.032
118.491
116.526
118.929
wc-3c-3d  $latency knn OHE
3.407
3.317
2.922
2.788
2.784
2.756
2.776
2.833
2.832
2.773
2.866
2.773
2.741
2.806
2.795
2.825
2.787
2.747
2.785
2.796
2.740
2.762
2.852
2.835
2.905
2.859
2.819
2.840
2.871
2.847
2.826
2.783
2.800
2.801
2.809
2.866
2.925
2.969
2.941
2.927
2.971
2.924
2.801
2.832
2.823
2.789
2.867
2.895
2.844
2.893
wc-3c-3d  $latency SVR OHE
50.142
49.977
49.635
50.299
50.107
49.989
50.185
50.041
49.973
50.835
50.565
51.657
51.369
53.171
51.287
49.354
52.341
53.060
52.999
53.036
50.366
50.924
49.590
49.628
49.925
49.377
47.446
47.524
47.317
47.192
47.219
47.499
47.964
47.377
47.167
47.248
47.228
47.276
47.204
47.356
47.413
47.361
47.163
47.187
47.663
47.304
47.219
47.216
47.253
47.234
wc-3c-3d  $latency DT OHE
2.952
2.874
2.983
3.072
3.035
2.952
3.086
2.962
2.994
2.964
3.016
2.792
2.986
2.900
2.975
2.962
3.007
2.938
3.002
3.020
2.878
2.850
2.877
2.953
3.011
2.965
3.111
2.994
2.977
2.971
2.833
2.871
2.730
2.753
2.721
2.692
2.764
2.737
2.737
2.712
2.907
2.908
2.990
3.028
2.992
2.923
2.974
2.969
3.014
2.989
wc-3c-3d  $latency LR OHE
0.092
0.122
0.087
0.102
0.103
0.088
0.084
0.097
0.093
0.095
0.099
0.085
0.084
0.082
0.082
0.086
0.084
0.086
0.084
0.084
0.084
0.098
0.094
0.081
0.081
0.093
0.079
0.098
0.084
0.084
0.082
0.082
0.082
0.095
0.079
0.082
0.083
0.094
0.103
0.095
0.080
0.083
0.082
0.083
0.091
0.082
0.081
0.082
0.090
0.092
wc-3c-3d  $latency KR OHE
86.833
88.021
88.455
86.459
86.599
86.673
87.679
88.455
89.835
89.214
89.236
91.830
91.182
94.766
91.435
91.361
92.346
96.121
87.486
144.588
188.998
191.393
193.689
191.617
171.769
164.884
165.038
169.866
169.572
177.030
169.796
167.134
171.632
189.226
230.115
212.582
219.147
208.354
196.185
206.436
138.284
93.854
96.078
94.682
95.490
95.578
95.364
95.501
96.176
96.433



wc+wc-c4-3d $throughput RF Label
23.379
23.913
23.863
23.474
23.971
23.977
24.286
24.139
24.000
23.899
23.944
23.984
24.299
23.964
24.373
24.730
24.111
24.125
24.020
23.993
23.996
24.055
23.963
23.986
24.084
24.653
23.994
24.086
23.952
23.934
24.036
24.455
23.992
23.993
23.961
23.972
24.084
23.972
25.047
24.520
24.098
24.078
26.004
27.089
25.043
27.253
27.175
27.062
24.416
23.086
wc+wc-c4-3d $throughput knn Label
0.796
0.683
0.671
0.665
0.701
0.811
0.760
0.793
0.856
0.881
0.816
0.742
0.742
0.864
0.990
1.027
0.896
0.726
0.699
0.732
0.707
0.695
0.702
0.954
0.955
0.759
0.714
0.777
0.758
0.723
0.688
0.693
0.693
0.721
0.691
0.683
0.663
0.734
0.785
0.803
0.764
0.879
0.836
0.773
0.740
0.719
0.775
0.717
0.686
0.652
wc+wc-c4-3d $throughput SVR Label
2.627
2.478
2.639
2.505
2.602
2.667
2.811
2.762
3.009
2.803
2.615
2.550
2.568
2.597
2.666
2.588
2.604
2.601
2.817
2.945
2.651
3.297
3.074
2.826
2.768
3.025
3.392
2.764
2.752
2.749
2.888
2.792
2.748
2.789
2.940
2.796
2.658
2.710
2.684
2.622
2.608
2.547
2.687
2.773
2.730
2.751
3.098
2.616
2.870
2.758
wc+wc-c4-3d $throughput DT Label
0.275
0.311
0.275
0.310
0.267
0.278
0.282
0.274
0.283
0.261
0.300
0.300
0.288
0.303
0.306
0.311
0.317
0.328
0.336
0.336
0.323
0.337
0.355
0.316
0.322
0.333
0.322
0.309
0.281
0.276
0.277
0.309
0.384
0.404
0.417
0.393
0.414
0.357
0.299
0.300
0.362
0.308
0.291
0.285
0.282
0.299
0.302
0.340
0.291
0.283
wc+wc-c4-3d $throughput LR Label
0.063
0.044
0.056
0.049
0.045
0.057
0.045
0.043
0.040
0.041
0.046
0.051
0.109
0.077
0.046
0.044
0.041
0.043
0.045
0.046
0.051
0.044
0.044
0.049
0.041
0.043
0.043
0.041
0.041
0.041
0.040
0.042
0.046
0.051
0.054
0.047
0.047
0.041
0.052
0.048
0.048
0.046
0.046
0.040
0.045
0.042
0.041
0.039
0.043
0.040
wc+wc-c4-3d $throughput KR Label
3.568
4.004
3.783
3.877
3.756
3.521
3.693
3.732
3.709
4.161
3.667
3.728
3.909
3.794
3.590
3.692
3.655
3.601
3.621
3.783
3.642
3.606
3.626
3.598
3.635
3.624
3.654
3.658
3.815
4.148
4.578
4.994
3.856
3.852
3.806
4.283
5.232
4.003
4.010
4.092
4.706
4.095
3.759
4.069
4.495
4.211
3.962
3.841
5.150
4.018
wc+wc-c4-3d $latency RF Label
26.915
29.259
28.437
30.024
28.334
28.631
29.173
28.469
28.112
28.231
28.285
30.401
28.215
27.876
28.155
28.015
27.878
27.969
36.289
51.400
52.451
53.191
56.389
53.406
53.088
52.512
52.151
50.492
52.647
50.698
53.198
56.742
52.407
51.414
51.201
50.635
52.223
52.311
51.186
54.455
73.401
76.367
75.401
73.979
72.481
76.454
73.905
64.658
70.522
54.387
wc+wc-c4-3d $latency knn Label
3.030
2.169
2.624
1.855
1.840
1.830
1.840
2.096
1.742
1.996
1.813
2.058
2.172
1.984
2.047
2.037
1.955
1.840
1.648
1.818
1.843
2.833
2.430
1.880
2.582
2.122
2.044
2.177
3.614
2.159
1.963
1.945
2.920
2.147
2.015
1.816
2.269
1.874
1.885
1.815
2.486
1.881
1.838
2.137
1.892
1.886
1.887
1.950
1.804
1.974
wc+wc-c4-3d $latency SVR Label
3.890
3.777
3.583
3.973
3.812
3.839
3.590
3.679
3.999
3.873
4.007
4.118
3.616
3.809
3.929
3.751
3.711
3.920
3.937
3.885
3.679
3.494
3.875
3.818
3.703
3.576
3.984
3.725
3.796
3.758
3.710
3.725
3.770
3.712
3.708
3.766
3.835
3.971
3.622
3.853
3.649
3.559
3.706
3.985
3.752
3.874
3.817
3.644
3.621
3.731
wc+wc-c4-3d $latency DT Label
1.295
1.049
0.918
0.825
0.998
0.917
0.786
0.753
0.796
0.764
0.844
0.973
0.821
0.979
0.818
0.997
0.906
0.888
0.912
0.837
0.870
0.797
0.816
0.967
1.162
0.923
0.851
1.134
0.909
0.881
0.911
0.804
0.998
0.814
1.105
0.772
0.781
0.782
0.786
0.816
1.122
1.228
0.789
0.708
0.558
0.666
0.592
0.663
0.599
0.639
wc+wc-c4-3d $latency LR Label
0.127
0.108
0.100
0.109
0.134
0.155
0.163
0.173
0.070
0.246
0.247
0.219
0.202
0.186
0.271
0.272
0.241
0.327
0.219
0.212
0.274
0.232
0.247
0.307
0.236
0.222
0.251
0.241
0.225
0.211
0.236
0.231
0.129
0.121
0.119
0.121
0.125
0.117
0.132
0.108
0.110
0.110
0.109
0.115
0.116
0.110
0.124
0.117
0.112
0.121
wc+wc-c4-3d $latency KR Label
12.415
17.731
12.842
15.787
13.794
16.583
17.262
16.857
14.663
15.909
9.486
11.892
17.869
14.304
16.367
16.064
15.881
17.014
16.085
15.496
15.191
16.439
14.116
15.695
14.987
15.314
16.275
14.583
14.908
15.126
15.965
15.779
16.371
16.159
17.550
14.785
13.972
13.484
14.143
14.510
14.238
13.898
13.561
14.341
14.267
14.116
14.302
14.049
13.634
13.864
wc+wc-c4-3d $throughput RF OHE
56.895
67.104
57.814
52.850
52.046
51.144
52.976
36.379
26.454
26.564
26.806
26.446
26.599
27.322
27.662
27.838
27.706
27.732
27.917
27.838
27.839
27.727
27.846
27.598
28.027
28.232
30.773
27.805
27.681
27.621
27.661
27.544
28.049
27.938
27.795
27.830
28.331
28.225
28.138
28.138
27.756
27.987
28.237
28.012
28.029
28.334
28.092
28.043
27.880
27.806
wc+wc-c4-3d $throughput knn OHE
0.970
1.010
0.936
0.903
0.950
0.898
0.892
0.914
0.915
0.927
0.916
0.906
0.933
0.943
0.968
0.970
0.983
0.950
0.934
0.986
1.119
1.116
0.974
0.928
0.963
0.961
0.958
0.953
0.953
0.949
0.948
0.955
0.961
0.980
0.972
0.948
0.979
0.959
0.969
1.091
1.075
1.096
0.989
0.996
0.981
0.975
1.008
0.969
0.962
0.951
wc+wc-c4-3d $throughput SVR OHE
4.224
3.635
3.692
3.614
3.589
3.606
3.626
3.670
3.757
3.787
3.679
3.763
3.721
4.384
3.829
3.809
3.714
3.735
3.763
3.718
3.625
3.671
3.723
3.667
3.665
3.778
3.877
3.732
3.674
3.765
3.723
4.132
3.754
3.727
4.127
4.485
4.238
3.731
3.827
3.763
3.711
3.747
3.695
3.838
3.730
3.712
3.991
3.756
3.924
3.831
wc+wc-c4-3d $throughput DT OHE
0.488
0.467
0.461
0.492
0.458
0.453
0.463
0.443
0.461
0.463
0.453
0.452
0.444
0.443
0.453
0.455
0.455
0.476
0.495
0.495
0.474
0.470
0.458
0.495
0.495
0.649
0.723
0.627
0.805
0.787
0.686
0.580
0.544
0.471
0.464
0.479
0.492
0.476
0.484
0.479
0.477
0.475
0.468
0.435
0.450
0.458
0.476
0.471
0.479
0.481
wc+wc-c4-3d $throughput LR OHE
0.086
0.088
0.090
0.095
0.092
0.090
0.101
0.092
0.087
0.093
0.097
0.101
0.129
0.089
0.096
0.091
0.089
0.089
0.089
0.090
0.090
0.089
0.090
0.090
0.094
0.102
0.108
0.105
0.129
0.123
0.169
0.120
0.107
0.114
0.112
0.108
0.106
0.111
0.113
0.130
0.147
0.100
0.113
0.102
0.107
0.099
0.097
0.115
0.103
0.092
wc+wc-c4-3d $throughput KR OHE
6.313
6.309
6.241
6.262
6.261
6.695
6.761
6.791
6.607
6.831
6.769
6.785
6.571
6.815
6.716
6.728
6.723
6.801
6.804
6.727
6.732
6.853
7.220
7.799
6.706
6.850
6.763
6.987
6.773
6.799
6.590
6.777
7.520
6.849
6.692
7.127
7.584
6.981
6.787
6.727
6.729
6.769
6.746
6.732
6.740
6.799
6.758
6.758
6.864
6.816
wc+wc-c4-3d $latency RF OHE
27.561
27.729
27.557
27.106
27.052
27.293
27.358
27.480
27.534
27.325
53.683
55.342
32.807
36.770
34.285
31.515
31.299
29.591
29.483
29.568
29.680
29.094
30.365
29.169
29.791
29.455
29.112
29.243
29.394
29.630
29.074
29.319
29.373
29.085
29.362
29.051
29.260
29.185
29.229
29.271
29.520
29.231
30.735
33.276
30.314
31.985
28.728
28.594
28.460
28.465
wc+wc-c4-3d $latency knn OHE
0.878
0.967
0.897
0.974
0.920
0.840
0.870
0.875
0.861
0.881
0.853
0.880
0.869
0.879
0.940
0.922
0.911
0.870
0.970
0.980
0.870
0.886
0.925
1.021
0.971
0.932
1.097
0.947
0.914
0.884
0.871
0.905
0.867
0.882
0.879
0.867
0.866
0.860
0.866
0.866
0.905
0.878
0.879
0.897
0.861
0.863
0.870
0.859
0.868
0.863
wc+wc-c4-3d $latency SVR OHE
3.542
3.431
3.530
3.496
3.480
3.481
3.589
3.514
3.528
3.548
3.598
3.549
3.608
3.583
3.612
3.613
3.618
3.757
3.636
3.908
3.594
3.716
3.626
3.611
3.586
3.580
3.640
3.617
3.573
3.612
3.587
3.549
3.552
3.523
3.555
3.573
3.700
3.586
3.647
3.590
3.616
3.607
3.617
3.670
3.632
3.582
3.577
3.574
3.731
3.563
wc+wc-c4-3d $latency DT OHE
0.463
0.452
0.491
0.487
0.463
0.451
0.465
0.460
0.455
0.468
0.467
0.449
0.463
0.454
0.470
0.467
0.470
0.453
0.454
0.459
0.454
0.477
0.452
0.457
0.456
0.458
0.449
0.446
0.452
0.447
0.449
0.447
0.459
0.460
0.451
0.474
0.462
0.465
0.471
0.454
0.461
0.453
0.461
0.462
0.459
0.465
0.465
0.465
0.457
0.462
wc+wc-c4-3d $latency LR OHE
0.119
0.103
0.100
0.125
0.107
0.108
0.118
0.102
0.097
0.110
0.104
0.104
0.104
0.110
0.108
0.100
0.102
0.108
0.096
0.096
0.096
0.105
0.106
0.108
0.095
0.106
0.104
0.105
0.093
0.106
0.106
0.103
0.105
0.101
0.103
0.110
0.096
0.095
0.100
0.099
0.099
0.111
0.102
0.094
0.100
0.103
0.094
0.100
0.104
0.102
wc+wc-c4-3d $latency KR OHE
6.202
6.109
6.077
6.054
6.106
6.231
6.955
7.530
7.323
7.505
7.299
8.175
7.203
9.064
7.273
7.064
6.471
6.479
6.350
6.443
6.463
6.429
6.465
6.393
6.388
6.417
6.519
6.357
6.396
6.383
6.474
6.395
6.471
6.452
6.519
6.434
6.492
6.277
6.411
6.455
6.537
6.313
6.364
6.333
6.368
6.448
6.448
6.829
6.491
6.502

wc+rs-c4-3d RF $throughput Label
22.684
24.139
23.134
24.441
23.658
22.506
22.833
22.704
22.580
22.602
22.567
22.755
22.458
22.587
22.471
22.601
22.654
22.464
23.373
23.090
22.649
22.656
23.599
23.210
22.674
22.443
22.602
22.545
22.554
22.643
22.384
22.665
22.325
22.656
30.704
23.136
22.570
22.792
22.379
22.844
22.568
22.633
22.472
22.630
23.553
25.395
24.138
24.643
26.791
27.243
wc+rs-c4-3d knn $throughput Label
1.573
1.111
1.108
1.184
1.758
1.691
1.623
1.591
1.632
1.611
1.598
1.628
1.310
1.446
1.758
1.524
1.128
1.154
1.072
1.320
1.017
0.930
1.022
0.971
0.989
0.992
1.041
1.113
1.111
1.044
1.011
0.880
0.934
0.863
1.202
0.908
0.971
0.987
1.034
0.941
1.013
1.069
1.208
1.147
0.908
1.077
0.862
0.930
1.025
1.104
wc+rs-c4-3d SVR $throughput Label
3.699
4.769
5.956
6.009
6.298
6.049
5.960
4.744
4.599
4.387
4.143
3.919
3.271
3.145
3.360
3.146
3.297
4.272
3.844
3.818
3.954
5.547
6.005
5.962
5.950
5.890
5.980
3.924
4.298
5.541
6.627
6.528
5.865
6.942
6.546
6.609
6.537
6.060
6.070
5.622
3.468
3.696
3.693
3.492
3.532
3.462
3.426
3.514
4.716
6.093
wc+rs-c4-3d DT $throughput Label
0.558
0.474
0.476
0.583
0.398
0.429
0.467
0.396
0.454
0.513
0.426
0.417
0.450
0.578
0.495
0.342
0.344
0.425
0.597
0.326
0.383
0.386
0.321
0.390
0.513
0.330
0.465
0.635
0.360
0.467
0.611
0.472
0.550
0.413
0.519
0.693
0.463
0.643
0.413
0.618
0.567
0.494
0.628
0.558
0.437
0.528
0.591
0.418
0.513
0.613
wc+rs-c4-3d LR $throughput Label
0.114
0.088
0.096
0.081
0.101
0.091
0.107
0.056
0.110
0.059
0.107
0.078
0.098
0.122
0.088
0.107
0.097
0.084
0.103
0.089
0.094
0.121
0.144
0.172
0.104
0.117
0.065
0.146
0.096
0.078
0.099
0.118
0.115
0.091
0.081
0.108
0.114
0.092
0.075
0.134
0.095
0.110
0.087
0.118
0.085
0.106
0.090
0.118
0.082
0.099
wc+rs-c4-3d KR $throughput Label
3.746
3.454
3.423
3.438
3.481
3.470
3.404
3.530
3.627
3.374
3.666
3.547
3.404
3.431
3.402
3.587
3.538
3.672
4.538
3.634
3.857
4.242
3.729
3.711
4.025
3.794
4.192
3.761
3.975
3.637
3.620
3.688
3.554
3.603
3.623
3.754
4.140
3.822
3.673
4.077
4.185
3.620
3.964
3.741
4.288
11.423
13.384
12.355
14.396
13.690
wc+rs-c4-3d RF $latency Label
50.975
50.583
48.958
49.751
50.157
50.753
48.746
48.739
49.881
48.434
49.499
48.908
45.182
39.599
41.010
41.887
68.325
72.190
69.144
63.600
64.646
62.915
55.308
71.856
69.608
68.708
72.253
53.800
52.727
52.720
53.447
49.775
51.004
50.593
51.894
50.746
52.980
52.031
50.494
51.481
51.004
51.898
49.563
50.682
49.836
50.062
50.787
50.349
51.056
51.242
wc+rs-c4-3d knn $latency Label
0.810
0.731
0.713
0.608
0.626
0.626
0.712
0.677
0.703
0.636
0.646
0.711
0.663
0.626
0.720
0.748
0.711
0.636
0.661
0.682
0.679
0.659
0.659
0.628
0.692
0.711
0.668
0.634
0.666
0.740
0.718
0.700
0.636
0.655
0.643
0.736
0.729
0.704
0.708
1.102
0.811
0.750
0.783
0.727
0.821
0.798
0.874
0.688
0.686
0.666
wc+rs-c4-3d SVR $latency Label
4.696
2.924
2.919
2.933
2.917
3.016
3.431
2.918
3.055
3.180
3.087
3.010
3.187
3.095
3.104
3.090
3.087
3.061
3.064
3.071
3.078
3.058
3.206
3.087
3.147
4.359
4.348
3.555
3.215
3.301
3.224
3.172
3.212
3.127
3.209
3.409
3.165
3.226
3.189
3.167
3.088
3.091
3.350
3.852
3.022
3.444
2.530
2.484
2.516
2.486
wc+rs-c4-3d DT $latency Label
0.307
0.311
0.309
0.355
0.339
0.305
0.251
0.257
0.254
0.253
0.259
0.258
0.251
0.257
0.257
0.255
0.254
0.250
0.250
0.256
0.253
0.254
0.258
0.249
0.264
0.251
0.260
0.264
0.253
0.257
0.255
0.258
0.249
0.269
0.262
0.256
0.266
0.263
0.250
0.246
0.253
0.293
0.274
0.259
0.311
0.353
0.298
0.329
0.270
0.319
wc+rs-c4-3d LR $latency Label
0.052
0.037
0.036
0.036
0.036
0.037
0.036
0.038
0.036
0.036
0.037
0.037
0.037
0.038
0.037
0.056
0.048
0.039
0.037
0.039
0.038
0.038
0.041
0.042
0.036
0.037
0.037
0.036
0.037
0.038
0.038
0.039
0.038
0.041
0.041
0.037
0.037
0.037
0.039
0.046
0.036
0.037
0.037
0.036
0.037
0.035
0.036
0.037
0.040
0.036
wc+rs-c4-3d KR $latency Label
9.821
11.166
13.315
11.173
13.236
13.387
12.574
11.933
11.203
11.349
12.803
8.807
11.872
12.701
12.683
12.600
11.344
12.827
12.755
13.232
12.027
13.262
12.760
13.350
13.128
11.841
12.781
12.053
9.086
10.740
9.531
9.873
12.575
14.394
13.202
11.288
11.610
11.263
11.360
10.630
10.738
11.427
11.988
12.212
11.857
11.910
11.811
11.839
11.936
12.022
wc+rs-c4-3d RF $throughput OHE
25.622
25.084
29.019
26.172
26.663
25.641
27.053
25.231
25.501
25.355
25.080
25.417
25.089
25.302
25.272
25.058
25.641
25.723
25.155
26.447
26.511
25.205
25.881
25.183
25.114
25.633
25.108
29.625
29.038
26.376
25.048
25.291
25.197
25.168
25.365
26.916
26.403
28.675
26.298
25.468
25.324
25.209
27.531
28.682
28.189
27.450
25.564
25.417
26.259
25.499
wc+rs-c4-3d knn $throughput OHE
1.062
0.963
0.920
0.977
0.875
0.857
0.878
0.856
0.853
1.345
0.974
0.858
0.866
0.882
0.859
0.856
0.892
0.953
0.870
1.021
0.868
0.851
0.835
0.860
0.868
0.847
0.934
0.834
0.901
0.887
0.897
0.936
0.943
0.921
0.902
0.859
0.842
0.862
0.847
0.839
0.847
0.910
0.894
1.005
0.875
0.935
1.307
1.146
0.996
0.861
wc+rs-c4-3d SVR $throughput OHE
3.509
3.456
3.781
3.550
3.500
3.499
3.692
3.691
4.287
3.721
3.691
3.401
3.337
3.374
3.356
3.341
3.395
3.453
3.344
3.365
3.339
3.353
3.306
3.322
3.357
3.341
3.333
3.375
3.332
3.363
3.342
3.319
3.463
3.331
3.395
3.339
3.433
3.408
3.328
3.343
3.356
3.318
3.607
3.663
3.462
3.490
3.417
4.281
3.489
3.423
wc+rs-c4-3d DT $throughput OHE
0.428
0.404
0.478
0.434
0.414
0.420
0.409
0.414
0.436
0.410
0.417
0.411
0.416
0.423
0.415
0.414
0.410
0.415
0.427
0.420
0.413
0.414
0.483
0.667
0.580
0.432
0.415
0.430
0.410
0.408
0.419
0.405
0.426
0.413
0.408
0.412
0.412
0.423
0.408
0.417
0.415
0.408
0.429
0.416
0.397
0.412
0.413
0.402
0.402
0.421
wc+rs-c4-3d LR $throughput OHE
0.088
0.091
0.099
0.090
0.114
0.086
0.116
0.088
0.089
0.093
0.088
0.083
0.092
0.090
0.095
0.092
0.084
0.086
0.083
0.082
0.092
0.086
0.086
0.101
0.085
0.090
0.097
0.089
0.082
0.084
0.081
0.084
0.086
0.084
0.082
0.082
0.082
0.083
0.080
0.091
0.084
0.081
0.081
0.083
0.083
0.085
0.079
0.083
0.082
0.094
wc+rs-c4-3d KR $throughput OHE
5.871
6.020
5.846
6.550
6.777
6.267
6.462
6.155
6.204
6.214
6.480
6.458
6.203
6.146
6.228
6.297
6.113
6.187
6.205
6.300
6.626
7.175
6.400
6.261
6.308
6.250
6.221
6.233
6.672
6.448
6.687
6.211
6.196
6.222
6.374
6.228
6.223
6.219
6.235
6.210
6.166
6.198
6.244
6.213
6.176
6.206
6.269
6.289
6.243
6.271
wc+rs-c4-3d RF $latency OHE
24.697
25.351
26.894
26.086
26.408
26.132
26.209
26.181
26.187
26.866
26.230
26.538
26.733
26.127
26.372
26.211
26.285
26.683
26.399
26.143
26.311
26.136
26.262
26.373
26.323
27.566
26.147
26.492
26.254
26.242
26.129
26.483
26.443
26.079
27.604
29.292
24.761
24.620
24.454
24.457
24.435
24.169
24.449
24.168
24.094
32.462
38.664
36.652
24.434
24.415
wc+rs-c4-3d knn $latency OHE
0.826
0.890
0.833
0.809
0.818
0.819
0.820
0.797
0.820
0.828
0.817
0.831
0.837
0.824
0.843
0.796
0.806
0.818
0.829
0.789
0.786
0.784
0.789
0.790
0.788
0.825
0.791
0.789
0.812
0.834
0.811
0.810
0.804
0.822
0.816
0.814
0.826
0.804
0.824
0.827
0.822
0.816
0.818
0.801
0.830
0.812
0.843
0.805
0.798
0.797
wc+rs-c4-3d SVR $latency OHE
3.661
3.499
3.923
3.499
3.323
3.480
3.479
3.905
3.564
3.303
3.302
3.313
3.284
3.193
3.533
4.015
4.318
3.655
3.635
4.067
3.694
3.548
3.599
3.424
3.746
3.696
3.434
3.272
3.242
3.313
3.286
3.265
3.205
3.296
3.231
3.288
3.192
3.283
3.253
3.303
3.127
3.233
3.372
3.290
3.299
3.219
3.299
3.187
3.272
3.266
wc+rs-c4-3d DT $latency OHE
0.426
0.453
0.451
0.443
0.437
0.420
0.400
0.415
0.402
0.411
0.411
0.418
0.432
0.411
0.413
0.399
0.404
0.409
0.397
0.406
0.444
0.410
0.404
0.406
0.400
0.421
0.425
0.415
0.397
0.409
0.394
0.414
0.402
0.421
0.397
0.410
0.478
0.420
0.468
0.466
0.424
0.413
0.434
0.417
0.442
0.417
0.426
0.394
0.396
0.393
wc+rs-c4-3d LR $latency OHE
0.086
0.085
0.099
0.103
0.085
0.088
0.095
0.097
0.106
0.088
0.103
0.087
0.083
0.083
0.083
0.099
0.089
0.085
0.099
0.086
0.087
0.086
0.102
0.082
0.080
0.083
0.083
0.083
0.085
0.102
0.097
0.096
0.096
0.094
0.096
0.090
0.085
0.082
0.082
0.105
0.089
0.079
0.090
0.076
0.083
0.082
0.077
0.085
0.080
0.077
wc+rs-c4-3d KR $latency OHE
5.880
6.033
6.228
6.109
6.090
6.541
6.277
6.383
5.825
5.903
5.816
5.859
5.986
5.930
5.755
5.845
5.878
5.918
6.243
6.118
5.933
5.935
6.292
6.149
5.876
5.854
5.859
6.002
5.878
5.898
5.859
5.887
5.933
6.617
6.895
5.990
6.975
7.123
6.757
6.833
7.897
7.252
6.399
6.272
6.276
6.342
6.428
6.270
6.257
6.283

noc-CM-log RF $energy Label
22.720
22.878
22.723
23.097
22.844
23.054
22.801
23.011
23.083
23.006
23.542
22.925
23.487
24.232
23.240
23.940
23.535
23.249
23.308
23.720
23.239
23.490
25.608
25.026
26.733
23.333
23.322
24.565
23.526
23.564
25.571
25.387
25.262
25.325
25.172
25.496
25.230
25.369
25.149
25.266
25.552
25.454
25.270
25.617
26.372
25.255
26.042
26.745
26.284
24.703
noc-CM-log knn $energy Label
0.662
0.657
0.608
0.626
0.615
0.622
0.616
0.611
0.614
0.615
0.634
0.618
0.608
0.614
0.618
0.625
0.668
0.623
0.632
0.660
0.633
0.629
0.613
0.623
0.604
0.632
0.617
0.605
0.652
0.662
0.620
0.623
0.641
0.612
0.614
0.638
0.637
0.645
0.653
0.612
0.649
0.639
0.633
0.651
0.645
0.639
0.623
0.616
0.609
0.627
noc-CM-log SVR $energy Label
3.063
2.740
2.696
2.711
2.736
2.714
2.792
2.621
2.744
2.818
2.724
2.783
2.874
2.732
2.757
2.774
2.807
2.958
2.770
2.740
2.764
2.749
2.696
2.687
2.772
2.780
2.815
2.728
2.730
2.722
2.772
2.841
2.759
2.771
2.851
2.751
2.669
2.806
2.671
2.769
2.705
2.799
2.741
2.824
2.773
2.787
2.714
2.773
2.818
2.797
noc-CM-log DT $energy Label
0.262
0.257
0.255
0.314
0.261
0.256
0.251
0.260
0.260
0.272
0.256
0.254
0.303
0.539
0.709
0.622
0.477
0.495
0.517
0.575
0.491
0.451
0.555
0.630
0.692
0.581
0.444
0.462
0.541
0.501
0.592
0.522
0.622
0.552
0.495
0.452
0.440
0.413
0.467
0.586
0.578
0.576
0.569
0.544
0.550
0.619
0.568
0.623
0.636
0.698
noc-CM-log LR $energy Label
0.087
0.059
0.080
0.038
0.056
0.078
0.105
0.102
0.136
0.085
0.079
0.062
0.089
0.095
0.096
0.097
0.100
0.099
0.091
0.081
0.095
0.089
0.120
0.111
0.098
0.125
0.097
0.172
0.195
0.112
0.065
0.191
0.181
0.182
0.109
0.067
0.123
0.092
0.102
0.062
0.123
0.100
0.096
0.098
0.086
0.097
0.099
0.110
0.101
0.091
noc-CM-log KR $energy Label
4.308
4.274
4.667
4.644
4.792
4.869
4.682
4.679
4.640
4.671
4.679
4.695
4.642
4.767
4.728
4.692
4.628
4.688
4.648
4.696
4.586
4.649
4.673
4.670
4.832
4.652
4.650
4.640
4.633
4.665
4.709
4.655
4.667
4.653
4.626
4.727
4.665
4.624
4.602
4.643
4.607
4.590
4.663
4.743
4.686
5.399
4.868
4.656
5.129
5.234
noc-CM-log RF $inv_runtime Label
48.608
46.756
70.506
59.359
42.641
43.048
43.247
43.052
42.382
62.013
61.590
64.707
62.247
65.257
75.781
59.739
50.266
51.484
51.338
50.672
51.688
51.914
51.183
43.121
41.027
40.930
43.737
64.311
73.895
75.050
74.495
73.075
73.537
72.509
72.908
75.787
66.329
73.600
75.441
74.004
73.262
73.739
71.493
72.884
72.763
58.939
74.487
72.900
72.766
74.235
noc-CM-log knn $inv_runtime Label
0.677
0.618
0.622
0.611
0.624
0.610
0.609
0.617
0.624
0.616
0.611
0.622
0.612
0.651
0.636
0.631
0.626
0.613
0.617
0.646
0.612
0.614
0.615
0.634
0.624
0.622
0.620
0.628
0.636
0.613
0.632
0.643
0.638
0.612
0.631
0.632
0.617
0.651
0.747
0.651
0.637
0.659
0.647
0.649
0.655
0.639
0.671
0.650
0.648
0.660
noc-CM-log SVR $inv_runtime Label
5.458
5.812
5.697
5.161
6.067
5.801
5.334
5.700
5.806
5.733
6.081
6.692
5.800
5.481
5.151
5.975
5.694
5.460
5.154
5.390
5.117
5.079
5.862
5.504
5.319
5.668
5.192
5.625
5.357
5.642
5.474
5.621
5.343
5.715
5.753
5.194
5.963
5.431
5.731
5.579
5.307
6.080
5.451
5.435
5.652
5.652
5.731
5.803
5.831
5.425
noc-CM-log DT $inv_runtime Label
0.270
0.270
0.266
0.312
0.267
0.259
0.256
0.257
0.269
0.266
0.280
0.264
0.259
0.273
0.268
0.274
0.267
0.282
0.262
0.269
0.260
0.267
0.267
0.272
0.289
0.273
0.269
0.264
0.277
0.269
0.265
0.266
0.265
0.263
0.265
0.267
0.264
0.272
0.266
0.277
0.266
0.267
0.273
0.266
0.272
0.269
0.266
0.265
0.259
0.266
noc-CM-log LR $inv_runtime Label
0.047
0.041
0.040
0.038
0.037
0.039
0.036
0.037
0.036
0.035
0.036
0.037
0.037
0.037
0.037
0.037
0.049
0.051
0.039
0.040
0.043
0.048
0.037
0.037
0.037
0.051
0.048
0.038
0.037
0.038
0.037
0.037
0.038
0.040
0.038
0.039
0.053
0.047
0.043
0.039
0.039
0.039
0.061
0.038
0.039
0.038
0.038
0.037
0.037
0.037
noc-CM-log KR $inv_runtime Label
10.707
13.233
12.179
13.257
15.901
15.290
14.540
12.780
15.088
15.859
16.161
11.973
13.047
16.251
16.271
15.470
15.742
15.950
16.113
16.372
16.910
13.649
15.301
15.970
11.820
14.167
16.186
9.257
5.266
4.963
4.158
4.100
4.388
4.784
5.525
5.035
4.771
4.607
5.520
5.514
4.724
4.963
4.805
4.750
4.847
4.766
5.061
4.569
4.364
4.647
noc-CM-log RF $energy OHE
26.511
27.038
27.178
27.621
27.429
27.682
27.623
27.816
27.760
28.551
26.399
26.474
26.815
28.013
27.325
26.937
26.656
26.285
26.410
26.351
26.320
26.328
26.880
26.447
27.138
31.457
28.294
27.559
27.474
27.513
27.514
29.046
27.777
27.640
27.657
28.137
27.792
27.139
26.530
26.490
27.119
26.288
26.485
26.758
26.973
26.953
33.457
35.178
27.699
26.884
noc-CM-log knn $energy OHE
0.869
0.883
0.838
0.861
0.870
0.950
1.015
0.939
0.914
0.953
0.904
0.966
1.020
0.983
0.973
0.937
0.985
0.921
0.882
0.905
0.936
0.894
1.098
1.051
1.084
0.958
0.943
1.020
1.008
0.906
0.898
0.902
0.904
0.936
0.881
0.879
0.900
0.903
0.927
0.902
0.896
0.895
0.888
0.934
0.899
0.901
0.886
0.893
0.892
0.926
noc-CM-log SVR $energy OHE
3.504
3.496
3.423
3.421
3.467
3.405
3.487
3.455
3.436
3.507
3.600
3.682
3.563
3.559
3.591
3.551
3.629
3.616
3.619
3.595
3.572
3.549
3.624
3.597
3.704
3.571
3.599
3.661
3.553
3.632
3.561
3.647
3.603
3.548
3.610
3.579
3.621
3.582
3.631
3.702
3.539
3.598
3.583
3.549
3.645
3.631
3.620
3.562
3.602
4.139
noc-CM-log DT $energy OHE
0.460
0.569
0.544
0.540
0.576
0.520
0.524
0.505
0.513
0.522
0.500
0.540
0.541
0.551
0.555
0.536
0.503
0.465
0.554
0.505
0.509
0.508
0.464
0.447
0.451
0.464
0.449
0.450
0.459
0.462
0.468
0.476
0.479
0.479
0.475
0.526
0.477
0.540
0.503
0.492
0.524
0.477
0.470
0.478
0.460
0.447
0.450
0.475
0.464
0.459
noc-CM-log LR $energy OHE
0.101
0.087
0.083
0.081
0.081
0.097
0.090
0.087
0.114
0.088
0.088
0.092
0.090
0.090
0.093
0.091
0.078
0.081
0.081
0.080
0.093
0.097
0.086
0.087
0.094
0.088
0.091
0.080
0.086
0.080
0.093
0.089
0.084
0.096
0.080
0.080
0.083
0.087
0.090
0.081
0.084
0.084
0.086
0.083
0.088
0.091
0.087
0.081
0.085
0.081
noc-CM-log KR $energy OHE
6.652
6.371
6.391
6.630
6.611
6.789
6.843
6.599
6.560
6.550
6.651
6.540
6.568
6.629
6.547
6.724
7.280
7.277
7.250
7.274
7.304
7.228
7.261
7.265
7.265
7.210
7.309
7.279
7.298
7.294
7.273
7.249
7.328
7.335
7.324
7.256
7.430
7.312
7.272
7.272
7.326
7.229
7.331
7.329
7.262
7.323
7.202
7.305
7.251
7.265
noc-CM-log RF $inv_runtime OHE
28.047
27.799
28.328
27.889
27.718
27.521
27.935
27.734
27.583
28.030
27.519
27.904
27.523
27.633
27.581
27.832
27.567
27.686
27.779
27.694
27.680
27.568
27.513
27.759
27.629
27.521
27.854
27.571
27.516
27.462
27.521
27.440
27.700
27.568
27.724
27.591
27.507
27.574
27.530
27.545
29.414
27.516
27.628
27.616
27.729
27.622
27.794
27.496
27.520
27.830
noc-CM-log knn $inv_runtime OHE
0.852
0.902
0.894
0.870
0.923
0.999
0.891
0.980
0.979
0.937
0.871
0.911
0.902
0.983
0.870
0.879
0.855
0.891
0.898
0.884
0.933
0.962
0.908
0.879
0.960
0.934
0.891
0.891
0.890
0.911
0.928
0.920
0.932
0.930
0.922
0.892
0.873
0.881
0.932
0.901
0.872
0.871
0.888
0.947
0.876
0.878
0.899
0.891
0.865
0.879
noc-CM-log SVR $inv_runtime OHE
4.151
3.657
3.655
3.236
3.229
3.204
3.171
3.762
3.671
3.489
3.380
3.249
3.212
3.188
3.170
3.178
3.176
3.229
3.176
3.179
3.179
3.209
3.181
3.180
3.250
3.202
3.229
3.176
3.199
3.239
3.198
3.166
3.178
3.174
3.183
3.193
3.153
3.145
3.241
3.193
3.212
3.153
3.187
3.206
3.171
3.200
3.180
3.165
3.467
3.724
noc-CM-log DT $inv_runtime OHE
0.497
0.559
0.457
0.507
0.467
0.502
0.519
0.471
0.456
0.457
0.462
0.466
0.469
0.457
0.477
0.452
0.469
0.460
0.463
0.449
0.493
0.506
0.488
0.465
0.462
0.458
0.454
0.458
0.450
0.479
0.456
0.460
0.469
0.429
0.455
0.443
0.448
0.460
0.460
0.453
0.465
0.455
0.462
0.463
0.461
0.462
0.454
0.456
0.468
0.470
noc-CM-log LR $inv_runtime OHE
0.089
0.082
0.087
0.093
0.088
0.086
0.084
0.115
0.081
0.087
0.094
0.094
0.083
0.114
0.089
0.083
0.083
0.084
0.091
0.085
0.095
0.085
0.088
0.079
0.093
0.080
0.082
0.079
0.079
0.080
0.080
0.078
0.088
0.083
0.091
0.089
0.092
0.082
0.084
0.088
0.095
0.079
0.079
0.089
0.078
0.080
0.076
0.078
0.078
0.078
noc-CM-log KR $inv_runtime OHE
6.447
6.251
6.362
6.316
6.936
6.996
7.005
7.079
6.963
6.943
6.931
6.938
6.967
6.954
6.904
6.967
6.891
6.913
6.936
6.999
6.911
6.987
6.933
6.951
7.053
6.928
6.892
6.906
6.986
6.992
6.926
6.904
6.976
6.933
6.917
6.895
6.927
6.922
6.991
6.946
6.918
6.965
6.870
7.899
7.541
7.195
7.073
6.940
6.893
6.995

llvm RF $throughput Label
34.262
35.312
36.551
38.322
37.010
38.249
35.571
35.997
35.443
35.381
35.548
36.181
36.171
37.421
35.438
35.742
35.885
35.510
35.618
35.778
36.939
36.280
35.464
35.773
36.133
35.767
36.084
35.240
47.713
78.290
77.760
78.245
75.208
77.842
76.389
77.605
75.521
75.697
112.815
102.514
95.396
65.498
63.322
61.193
61.444
62.236
83.485
61.818
61.447
60.488
llvm knn $throughput Label
0.998
1.067
1.000
0.904
0.961
0.956
0.885
0.875
0.863
0.879
0.885
0.944
0.892
0.852
0.890
0.861
0.837
0.865
0.842
0.864
0.841
0.854
0.891
0.888
0.838
0.842
0.855
0.882
0.861
0.854
0.885
0.885
0.881
0.847
0.850
0.850
0.891
0.868
0.896
0.855
0.843
0.865
0.866
0.858
0.841
0.905
0.912
0.868
0.860
0.856
llvm SVR $throughput Label
27.093
27.073
26.145
26.081
26.107
26.674
26.613
26.572
26.406
27.028
26.860
26.689
26.536
26.665
26.574
26.709
26.575
26.601
26.706
26.824
26.792
27.521
26.747
26.715
26.721
26.747
26.810
26.831
26.715
26.690
26.710
26.964
26.944
27.324
26.960
26.971
26.831
26.851
26.944
26.746
26.899
26.903
27.292
26.949
28.017
26.920
26.852
26.917
26.874
26.906
llvm DT $throughput Label
0.440
0.441
0.478
0.448
0.421
0.427
0.434
0.440
0.440
0.435
0.428
0.450
0.441
0.434
0.420
0.439
0.434
0.432
0.438
0.425
0.444
0.427
0.424
0.439
0.441
0.443
0.458
0.424
0.427
0.425
0.430
0.443
0.434
0.428
0.449
0.456
0.448
0.436
0.430
0.435
0.449
0.434
0.447
0.433
0.428
0.446
0.443
0.429
0.449
0.441
llvm LR $throughput Label
0.058
0.038
0.038
0.039
0.037
0.037
0.038
0.044
0.037
0.037
0.038
0.037
0.037
0.036
0.038
0.037
0.038
0.038
0.038
0.038
0.040
0.038
0.038
0.038
0.047
0.044
0.039
0.040
0.041
0.044
0.038
0.038
0.037
0.039
0.039
0.037
0.038
0.037
0.039
0.038
0.038
0.038
0.040
0.038
0.037
0.038
0.039
0.037
0.039
0.038
llvm KR $throughput Label
88.225
88.622
88.462
102.313
99.957
103.597
98.500
100.814
93.942
96.378
97.028
97.240
96.286
94.637
96.179
97.846
94.959
96.835
96.284
97.191
95.120
97.094
56.670
43.525
43.663
44.099
44.764
45.328
45.150
45.437
45.122
45.192
45.213
45.247
45.380
45.410
45.485
45.535
45.434
45.691
45.440
45.475
45.495
45.405
45.473
45.482
45.437
45.475
45.464
45.545
llvm RF $latency Label
42.825
102.210
113.386
112.981
89.184
89.868
88.721
88.938
88.230
87.257
88.898
87.526
86.418
87.403
87.015
87.937
85.626
86.166
86.789
88.275
85.048
88.815
86.539
87.210
86.939
87.992
87.859
86.938
87.148
86.895
86.735
86.902
86.784
87.744
87.915
88.202
86.519
87.457
86.542
86.577
87.711
85.432
87.129
89.017
87.149
87.031
86.197
87.721
88.520
86.565
llvm knn $latency Label
0.984
0.945
0.915
0.889
0.859
0.897
0.885
0.898
0.909
0.875
0.875
0.908
0.906
0.930
0.923
0.919
0.931
1.047
1.015
1.015
1.031
1.000
0.949
0.943
0.937
0.953
0.987
0.933
1.012
0.932
0.927
0.979
0.978
1.009
1.036
1.093
0.922
0.940
0.985
0.942
0.966
0.985
0.963
1.045
1.039
0.976
0.936
0.959
0.982
0.982
llvm SVR $latency Label
23.550
22.874
22.510
22.833
22.736
22.771
23.679
22.940
22.931
22.955
25.110
23.751
23.570
22.859
23.136
23.628
24.185
24.131
23.607
23.546
23.850
23.609
23.591
24.003
23.792
23.550
24.139
23.458
28.564
27.436
26.268
26.402
26.823
25.895
25.780
27.078
26.051
26.622
27.347
26.625
26.942
27.823
26.901
26.988
26.662
27.343
27.424
27.032
26.336
24.219
llvm DT $latency Label
0.406
0.390
0.406
0.403
0.371
0.359
0.377
0.374
0.375
0.363
0.390
0.375
0.359
0.375
0.376
0.359
0.359
0.375
0.375
0.375
0.359
0.375
0.359
0.359
0.359
0.359
0.375
0.380
0.363
0.406
0.406
0.422
0.406
0.391
0.375
0.395
0.391
0.375
0.375
0.375
0.406
0.422
0.422
0.437
0.422
0.391
0.422
0.437
0.422
0.391
llvm LR $latency Label
0.078
0.031
0.047
0.047
0.031
0.062
0.031
0.047
0.031
0.047
0.031
0.047
0.044
0.042
0.047
0.031
0.031
0.031
0.047
0.047
0.031
0.031
0.031
0.031
0.047
0.063
0.031
0.031
0.047
0.031
0.047
0.031
0.047
0.031
0.031
0.047
0.031
0.031
0.047
0.031
0.031
0.047
0.047
0.031
0.047
0.031
0.031
0.047
0.047
0.031
llvm KR $latency Label
43.885
43.708
43.546
43.769
44.495
44.855
45.281
44.994
44.916
44.797
44.873
44.878
44.941
46.429
44.997
45.082
45.017
44.975
45.132
45.282
45.190
45.106
45.201
45.992
45.141
44.420
44.947
45.382
45.394
45.171
45.182
45.238
45.531
45.345
45.293
45.209
45.245
45.208
45.256
45.449
45.393
45.536
45.396
45.700
45.858
45.563
45.451
45.343
45.443
45.274
llvm RF $throughput OHE
46.278
49.415
49.901
45.761
45.894
46.134
56.441
53.121
51.527
49.389
55.580
52.854
55.062
54.930
53.617
52.622
54.831
53.392
53.564
53.995
54.839
54.911
55.905
53.034
51.958
54.719
54.350
53.772
51.982
54.242
50.325
53.789
53.125
59.962
50.091
51.649
51.551
50.400
57.857
51.698
49.384
47.394
53.962
53.615
58.783
52.979
53.924
54.374
54.940
53.350
llvm knn $throughput OHE
2.315
2.177
1.997
1.846
1.825
1.864
1.879
1.836
1.862
1.878
1.870
1.854
1.863
1.889
1.890
1.950
1.853
1.917
1.974
1.997
1.916
1.902
1.899
1.936
1.881
1.906
1.879
1.879
1.837
1.850
1.887
1.900
1.882
1.884
1.882
1.847
1.841
1.864
1.858
1.866
1.880
1.870
1.861
1.866
1.882
1.876
1.899
1.888
1.879
1.901
llvm SVR $throughput OHE
27.608
26.941
27.258
28.205
28.142
27.315
28.702
26.959
26.454
27.097
27.388
26.847
26.166
27.559
26.933
26.587
26.186
28.880
28.481
28.074
27.599
28.471
28.658
24.499
25.625
26.218
24.680
24.422
29.427
25.714
24.605
24.637
24.544
24.687
24.730
24.569
24.591
24.695
25.164
27.950
27.826
27.445
27.358
27.690
27.482
27.606
27.260
27.297
27.185
27.234
llvm DT $throughput OHE
1.005
1.013
0.874
0.999
0.865
0.872
0.862
0.841
0.858
0.849
0.853
0.869
0.877
0.871
0.888
0.852
0.871
0.861
0.901
0.888
0.880
0.860
0.879
0.851
0.881
0.881
0.880
0.860
0.867
0.898
0.899
0.888
0.911
0.900
0.942
0.901
0.880
0.886
0.920
0.909
0.881
0.902
0.911
0.877
0.860
0.911
0.905
0.890
0.900
0.879
llvm LR $throughput OHE
0.100
0.085
0.069
0.085
0.085
0.085
0.085
0.104
0.106
0.085
0.100
0.085
0.084
0.069
0.100
0.085
0.085
0.069
0.084
0.078
0.085
0.069
0.078
0.084
0.085
0.100
0.085
0.085
0.078
0.085
0.085
0.085
0.085
0.085
0.085
0.100
0.084
0.085
0.068
0.078
0.100
0.069
0.069
0.068
0.100
0.085
0.069
0.069
0.068
0.085

llvm KR $throughput OHE
48.999
50.788
49.645
50.918
52.049
50.041
53.824
53.752
52.303
84.713
92.548
98.052
91.935
96.737
92.790
92.956
97.021
108.980
104.787
110.555
96.830
86.360
87.586
85.778
104.681
105.972
126.862
111.728
109.119
119.839
103.658
104.117
112.678
109.314
109.538
115.444
116.965
155.449
121.624
119.921
109.899
115.074
114.452
107.578
126.572
126.214
98.283
61.445
46.234
47.246
llvm RF $latency OHE
32.508
36.616
34.109
33.898
34.370
35.199
35.305
36.666
35.596
35.777
35.449
35.506
35.379
35.368
35.933
35.447
38.146
35.757
36.869
35.513
36.980
35.304
34.456
33.833
33.533
33.250
33.142
36.719
37.947
33.533
33.334
33.488
33.469
34.468
34.418
34.262
35.013
34.029
33.537
34.589
31.689
31.476
32.621
34.545
33.360
33.547
33.123
32.989
33.065
33.138
llvm knn $latency OHE
1.230
1.194
1.311
1.206
1.201
1.247
1.254
1.174
1.188
1.178
1.186
1.200
1.373
1.423
1.434
1.299
1.238
1.204
1.232
1.195
1.219
1.218
1.197
1.197
1.282
1.366
1.268
1.393
1.368
1.363
1.316
1.241
1.263
1.257
1.283
1.251
1.254
1.269
1.234
1.236
1.238
1.277
1.297
1.217
1.208
1.231
1.202
1.212
1.227
1.224
llvm SVR $latency OHE
32.138
50.228
54.498
50.466
40.935
41.094
57.969
53.458
57.485
56.662
57.204
55.508
58.126
66.563
79.567
76.692
66.644
69.327
76.080
76.364
58.668
38.021
37.678
38.115
37.722
37.847
38.009
37.075
37.238
38.101
37.357
37.996
38.124
39.662
57.718
69.357
69.102
65.665
66.614
56.929
47.924
24.788
25.047
25.434
25.486
26.121
25.430
25.186
26.486
25.413
llvm DT $latency OHE
0.561
0.595
0.561
0.587
0.549
0.559
0.519
0.523
0.532
0.567
0.586
0.535
0.525
0.540
0.509
0.514
0.520
0.669
0.529
0.601
0.639
0.668
0.684
0.705
0.760
0.774
0.643
0.756
0.629
0.547
0.540
0.555
0.555
0.547
0.529
0.541
0.528
0.525
0.508
0.510
0.523
0.516
0.518
0.503
0.540
0.516
0.513
0.515
0.526
0.536
llvm LR $latency OHE
0.075
0.044
0.044
0.042
0.043
0.042
0.044
0.047
0.048
0.051
0.047
0.048
0.047
0.045
0.052
0.076
0.054
0.048
0.049
0.048
0.047
0.049
0.046
0.044
0.045
0.044
0.044
0.045
0.048
0.045
0.051
0.055
0.049
0.049
0.049
0.046
0.046
0.047
0.045
0.044
0.044
0.044
0.045
0.047
0.048
0.049
0.048
0.047
0.047
0.048
llvm KR $latency OHE
42.406
44.001
44.393
46.558
44.416
44.543
44.662
44.619
44.892
44.590
44.770
44.771
44.576
44.489
44.831
44.949
44.665
45.714
44.751
45.110
44.750
44.599
44.686
45.546
44.806
44.797
44.685
44.784
44.837
45.401
44.751
44.727
45.980
44.743
47.385
44.912
44.948
44.804
44.747
44.764
44.640
44.654
44.605
44.754
44.688
43.167
43.211
43.896
43.162
43.348

76.01
77.35
68.97
65.53
77.59
73.71
67.89
73.68
70.07
65.36
63.55
63.6
76.54
68.96
63.87
62.64
63.75
66.34
63.12
63.56
63.75
62.82
64.71
63.3
66.4
67.69
73.88
69.95
64.09
64.29
65.53
67.62
64.91
68.21
64.92
66.07
62.76
65.48
68.12
73.64
65.92
65.43
69.37
85.67
82.83
70.4
73.76
73.33
72.55
67.3
wc-c1-3d KNN throughput Labelencoder
1.05
1.12
1.1
1.07
1.05
1.05
1.05
1.04
1.04
1.05
1.06
1.04
1.05
1.05
1.04
1.04
1.05
1.04
1.07
1.06
1.04
1.04
1.04
1.05
1.05
1.05
1.04
1.05
1.08
1.02
1.02
1.09
1.13
1.14
1.19
1.17
1.17
1.13
1.04
1.05
1.1
1.09
1.03
1.03
1.34
1.1
1.45
1.18
1.12
1.18
wc-c1-3d SVR throughput Labelencoder
157.04
115.44
111.8
118.69
118.81
112.81
117.56
124.34
120.46
121.16
119.77
115.7
115.51
117.75
116.51
128.05
119.39
119.32
120.1
117.71
135.85
129.61
123.03
124.34
125.56
129.29
123.01
133.18
134.0
124.04
125.45
128.47
121.15
117.49
129.83
127.44
117.59
131.29
128.6
127.85
125.27
126.19
126.89
119.56
123.86
129.39
119.34
141.81
129.25
158.23
wc-c1-3d DecisionTree throughput Labelencoder
0.83
0.82
0.81
0.77
0.84
0.81
0.75
0.8
0.79
0.76
0.97
0.89
0.78
0.83
0.85
0.74
0.74
0.78
0.83
0.8
0.74
0.77
0.85
0.82
0.75
0.78
0.79
0.76
0.88
0.81
0.76
0.85
0.98
0.9
0.79
0.76
0.75
0.78
0.72
0.76
0.72
0.72
0.87
0.81
0.76
0.73
0.74
0.82
0.78
0.75
wc-c1-3d LinearRegression throughput Labelencoder
0.08
0.07
0.07
0.09
0.08
0.06
0.08
0.08
0.08
0.07
0.08
0.1
0.1
0.11
0.08
0.07
0.08
0.1
0.1
0.1
0.08
0.09
0.09
0.08
0.09
0.08
0.08
0.07
0.08
0.11
0.12
0.11
0.09
0.09
0.11
0.1
0.09
0.08
0.08
0.09
0.08
0.09
0.09
0.08
0.08
0.09
0.08
0.09
0.08
0.07
wc-c1-3d KernelRidge throughput Labelencoder
88.03
83.48
80.22
78.93
93.46
105.28
102.72
90.68
91.57
85.31
86.67
89.09
78.7
79.65
87.12
94.73
87.83
90.09
90.7
84.26
73.4
73.56
77.65
78.52
72.83
70.64
73.96
71.07
71.42
70.22
72.62
69.93
72.52
71.08
72.19
69.85
69.87
72.44
73.83
75.37
76.44
74.87
79.65
75.7
77.96
77.12
78.28
77.98
74.67
76.42
wc-c1-3d RandomForest throughput Onehotencoder
184.17
200.1
181.04
173.68
182.13
175.92
173.1
175.62
182.03
188.83
179.81
174.87
176.19
169.49
174.34
170.48
179.92
174.41
175.98
179.21
174.89
175.32
169.13
176.93
175.45
171.52
174.37
171.12
176.2
176.07
172.23
175.23
171.4
171.89
171.48
171.68
169.57
173.34
175.72
172.55
175.36
171.89
175.13
173.85
172.17
171.49
168.92
173.88
174.57
179.11
wc-c1-3d KNN throughput Onehotencoder
3.75
4.12
3.88
4.17
2.99
3.06
3.21
3.16
3.3
3.6
4.2
3.51
3.12
3.23
3.22
3.26
3.21
3.31
3.44
3.48
3.33
3.36
3.46
3.74
3.58
3.31
3.29
3.28
3.25
3.26
3.44
3.26
3.48
3.43
4.1
3.94
3.93
4.12
3.83
3.98
3.53
3.22
3.3
3.27
3.32
3.26
3.22
3.24
3.22
3.4
wc-c1-3d SVR throughput Onehotencoder
51.86
48.76
49.65
48.5
49.97
53.27
50.94
56.73
59.9
56.83
62.29
57.49
73.53
81.4
85.94
81.79
80.58
82.0
86.37
81.43
80.96
87.45
92.72
86.2
87.92
96.72
87.81
87.04
96.21
88.84
81.62
82.11
84.41
82.34
80.26
85.89
79.81
81.04
80.02
85.16
78.88
79.11
79.6
83.05
79.31
78.47
82.87
79.26
78.49
77.59
wc-c1-3d DecisionTree throughput Onehotencoder
4.62
4.87
4.62
4.76
4.78
4.61
5.04
5.47
5.43
5.7
5.52
5.39
5.45
4.62
4.5
4.61
4.63
4.5
4.63
4.73
4.69
4.69
4.61
4.82
4.74
4.82
4.65
4.95
5.03
4.84
4.86
4.87
4.72
4.57
4.56
4.39
4.57
4.54
4.7
4.71
4.73
4.72
4.82
4.6
4.68
4.5
4.53
4.75
4.7
4.59
wc-c1-3d LinearRegression throughput Onehotencoder
0.21
0.22
0.19
0.17
0.2
0.19
0.19
0.21
0.17
0.19
0.19
0.18
0.19
0.17
0.18
0.2
0.19
0.2
0.21
0.17
0.19
0.22
0.18
0.19
0.19
0.22
0.18
0.22
0.21
0.2
0.16
0.17
0.21
0.2
0.22
0.2
0.19
0.21
0.2
0.19
0.2
0.18
0.21
0.2
0.2
0.2
0.2
0.21
0.18
0.19
wc-c1-3d KernelRidge throughput Onehotencoder
111.41
112.84
113.35
114.09
113.02
112.26
113.2
112.79
114.46
113.07
92.51
80.67
80.84
79.81
79.65
83.23
80.4
79.79
80.15
83.14
79.37
78.83
79.48
82.52
80.91
79.19
83.93
79.62
79.99
79.38
83.05
78.98
77.77
80.06
85.0
80.07
78.69
82.23
81.13
80.17
78.67
82.36
78.47
79.69
80.05
83.95
79.24
79.79
79.03
83.49
[[1.]
 [1.]
 [1.]
 [1.]
 [1.]]
wc-c1-3d RandomForest latency Onehotencoder
174.49
180.96
177.29
175.14
180.14
175.7
178.75
176.97
179.24
180.24
174.27
181.25
175.64
177.05
176.79
173.61
183.63
173.24
181.42
181.83
179.12
181.04
175.15
180.37
180.14
175.54
180.78
176.91
181.17
240.43
236.58
244.5
236.95
226.89
210.56
182.58
182.78
180.29
181.01
182.33
176.17
180.77
175.24
180.98
180.99
172.63
177.45
175.31
181.94
179.19
wc-c1-3d KNN latency Onehotencoder
3.0
3.02
3.07
3.05
3.06
3.06
3.1
2.98
3.01
2.99
3.04
2.95
2.98
3.09
3.01
3.02
3.06
2.99
3.1
3.31
3.04
3.01
3.04
3.08
3.02
3.18
3.12
3.11
3.11
3.35
3.13
3.06
3.06
2.95
3.0
3.03
3.0
3.0
3.1
3.29
3.05
3.09
3.07
3.08
3.08
3.06
3.08
3.07
3.16
3.14
wc-c1-3d SVR latency Onehotencoder
48.73
48.1
53.67
47.75
48.31
47.92
47.91
47.92
53.25
48.03
48.32
48.76
48.18
48.04
52.41
47.97
48.48
48.05
47.97
48.32
52.02
48.88
48.15
48.09
48.57
48.18
50.31
68.43
79.86
79.5
81.39
81.08
79.79
79.09
83.47
79.98
79.71
78.45
85.63
79.83
79.1
78.43
83.25
79.35
80.08
82.51
80.05
80.61
80.75
84.34
wc-c1-3d DecisionTree latency Onehotencoder
4.71
4.87
4.73
4.54
4.76
4.74
4.86
4.72
4.84
4.82
4.7
4.76
4.79
4.65
4.81
4.63
4.68
4.65
4.78
4.78
4.85
4.57
4.52
4.8
4.48
4.77
4.67
4.6
4.74
4.78
4.68
4.78
4.82
4.76
4.74
4.61
4.74
4.82
4.74
4.61
4.8
4.67
4.61
4.74
4.9
4.83
4.89
4.84
4.85
4.74
wc-c1-3d LinearRegression latency Onehotencoder
0.19
0.21
0.14
0.19
0.17
0.16
0.18
0.18
0.18
0.17
0.18
0.19
0.17
0.16
0.16
0.2
0.15
0.2
0.22
0.21
0.19
0.2
0.21
0.2
0.18
0.19
0.19
0.2
0.2
0.19
0.2
0.17
0.21
0.17
0.21
0.18
0.23
0.2
0.22
0.23
0.24
0.2
0.22
0.2
0.23
0.21
0.24
0.22
0.25
0.21
wc-c1-3d KernelRidge latency Onehotencoder
114.04
113.26
116.87
114.29
113.69
115.2
112.94
115.2
114.36
113.29
116.25
113.02
112.23
116.26
113.58
114.8
114.29
112.19
115.68
112.63
111.95
116.35
112.22
115.85
114.74
77.36
70.48
71.07
68.79
69.3
67.74
70.78
69.02
69.03
68.32
71.72
69.62
69.34
68.79
70.23
69.45
67.48
68.05
67.86
71.9
69.35
69.19
68.05
71.46
69.08

wc-c1-3d RandomForest latency Labelencoder
94.12
91.32
102.52
107.58
92.32
81.88
85.29
82.88
80.55
85.86
80.7
79.81
80.21
85.45
97.4
91.93
87.05
82.12
79.45
83.83
87.84
84.6
82.42
88.67
85.11
84.62
81.35
88.15
91.77
80.02
79.49
97.08
80.7
81.21
80.88
86.0
86.13
91.86
87.28
88.27
88.19
86.03
84.74
85.26
92.22
91.39
78.09
84.62
160.83
166.12
wc-c1-3d KNN latency Labelencoder
2.75
2.73
3.21
2.73
2.62
2.53
2.43
2.53
2.1
2.18
2.23
2.44
2.38
2.28
2.31
2.33
2.59
2.4
2.08
2.13
2.53
2.6
2.38
2.36
2.25
2.35
2.36
2.2
2.11
2.17
2.04
2.19
2.15
2.2
2.21
2.34
2.43
2.52
2.34
2.32
2.23
2.27
2.2
2.18
2.12
2.23
2.4
2.49
2.45
2.52
wc-c1-3d SVR latency Labelencoder
266.89
269.86
305.45
285.49
275.27
258.61
319.94
301.39
263.92
257.14
260.79
257.57
288.05
279.13
269.5
168.67
126.47
132.92
126.21
129.35
122.52
129.9
116.95
128.66
118.62
118.82
116.11
115.9
120.29
120.28
122.1
116.54
120.76
132.64
154.34
136.07
127.07
131.36
131.6
167.78
129.34
126.69
139.62
133.36
127.48
125.13
141.2
125.46
124.12
126.87
wc-c1-3d DecisionTree latency Labelencoder
1.17
1.19
1.17
1.17
1.18
1.14
1.16
1.16
1.18
1.22
1.34
1.33
1.27
1.29
1.41
1.24
1.21
1.14
1.25
1.29
1.19
1.19
1.16
1.2
1.28
1.22
1.26
1.24
1.27
1.28
1.34
1.31
1.21
1.17
1.35
1.32
1.26
1.19
1.18
1.24
1.17
1.19
1.19
1.21
1.22
1.21
1.24
1.2
1.24
1.3
wc-c1-3d LinearRegression latency Labelencoder
0.63
0.09
0.09
0.09
0.09
0.09
0.09
0.1
0.09
0.1
0.1
0.1
0.09
0.09
0.11
0.1
0.11
0.1
0.11
0.1
0.1
0.1
0.1
0.12
0.1
0.11
0.09
0.1
0.1
0.09
0.1
0.1
0.1
0.11
0.08
0.11
0.1
0.09
0.11
0.1
0.1
0.09
0.1
0.1
0.09
0.12
0.11
0.11
0.12
0.1
wc-c1-3d KernelRidge latency Labelencoder
99.7
83.71
84.84
93.82
87.62
87.77
90.62
89.35
86.89
93.14
89.08
92.5
113.04
101.59
89.37
92.57
95.71
90.27
90.12
93.24
88.72
85.44
94.14
97.24
115.65
113.96
112.0
86.61
91.27
84.35
86.54
90.05
86.43
86.15
85.79
90.93
82.09
86.93
84.79
82.53
82.56
98.4
101.38
85.62
89.95
98.05
86.95
86.75
90.64
101.93




